908402    83524    2
159753    96142    5
693994    15216    6
950760    15216    10
810352    66721    5
364355    39131    7
810352    99148    1
355922    83123    10
738362    46549    5
159753    58561    4
577674    14616    10
182169    39131    2
810352    14528    1
227389    42381    6
691885    99148    5
956965    83123    6
948358    42381    1
290995    11534    2
671627    83524    3
301503    75385    10
956965    58561    6
326921    52703    10
950760    52703    3
375611    46549    4
419947    21583    4
398133    11377    2
290995    14528    10
956965    85576    1
515928    99148    10
419947    52703    2
182169    29499    9
852519    15216    6
410007    72521    8
693994    83524    9
375611    85576    9
950760    99148    4
301503    30551    7
290995    99148    10
671627    75385    9
810352    42381    9
577674    29499    7
297851    52703    3
301503    52703    4
355922    42381    6
216842    76402    9
829251    58561    3
951233    46549    9
691885    96142    4
829251    21583    1
227389    76402    10
950760    72521    7
283711    72521    7
948358    76402    3
950760    30551    10
301503    17040    5
738362    21583    10
375611    99148    1
691885    46549    10
352235    66721    1
383622    17040    1
852519    96142    6
297851    14528    7
951233    39131    9
942192    85576    8
577674    85576    9
948358    39131    3
297851    11301    3
829251    42381    5
852519    17040    8
463635    21583    5
290995    38123    10
738362    42381    1
290995    83123    8
410007    38123    5
852519    75385    7
956965    15216    8
326921    14616    4
810352    58561    7
950760    46549    6
850569    11534    6
738362    83123    4
419947    11301    3
326921    38123    3
671627    11301    4
577674    24562    9
216842    75385    9
942192    46549    9
951233    58561    4
671627    21583    1
283711    52703    10
829251    11534    5
216842    99148    1
763303    39131    10
216842    83123    9
352235    30551    7
948358    68501    2
956965    42381    9
956965    24562    7
577674    72521    10
159753    83524    3
691885    68501    3
419947    42381    9
908402    46549    8
948358    11534    3
297851    99148    3
216842    42381    4
216842    52703    3
419947    75385    6
301503    72521    5
810352    83123    5
810352    30551    6
159753    66721    10
810352    29499    6
352235    83524    6
301503    68501    2
326921    83123    5
693994    96142    5
463635    11377    8
419947    96142    6
810352    85576    10
352235    83123    9
948358    17040    7
398133    75385    5
829251    68501    6
216842    83524    7
398133    58561    4
301503    15216    2
850569    58561    4
908402    66721    8
463635    76402    9
948358    66721    7
942192    14528    5
810352    17040    5
852519    11534    3
227389    66721    10
438826    72521    7
577674    52703    1
419947    85576    10
364355    42381    2
290995    96142    6
352235    85576    7
419947    15216    5
850569    39131    7
948358    21583    3
951233    72521    9
419947    38123    3
364355    99148    9
852519    30551    5
326921    72521    1
159753    39131    8
956965    46549    8
297851    96142    1
364355    96142    4
438826    11534    2
693994    17040    3
