83524    40    16.50
66721    13    6.88
76402    42    7.04
39131    42    6.72
21583    6    19.26
52703    28    20.99
46549    22    26.65
14616    47    5.88
96142    40    8.83
14528    26    7.68
24562    16    16.98
11534    25    40.80
38123    7    14.46
72521    41    18.07
11377    23    50.49
99148    49    23.28
11301    49    32.28
17040    6    8.23
68501    49    9.66
29499    5    7.65
58561    33    10.25
30551    27    6.88
75385    19    39.82
83123    38    23.27
85576    31    6.10
42381    33    6.72
15216    29    17.85
