12121   69975105   6089   13.73   8758   7.13   4447   14.84   1418   2.18   7394   1.65   7533   12.76
73831   43053402   8802   11.05   4447   12.26   6610   9.24
42006   91897732   1574   4.85   2365   3.01   9969   10.39   8332   8.68   7654   12.46
54290   84165595   7220   3.01   9168   14.18
89090   20864087   1130   5.77   9566   10   2467   7.85   7299   7.7   5332   4.16
72705   77642521   4141   14.79   9058   13.44
68587   94326707   1156   9.8   3377   11.01   7016   10.71   5515   6.32   6083   7.75   6822   14.35
15118   54761731   7533   2.03   6261   6.23   4608   15.28   7533   12.38   3675   1.33   2325   3.19   4507   10.3   3044   3.54
87715   77642521   3231   2.37   8706   3.78   9275   9.51   2580   3.89   6089   10.05   1225   4.99   9289   13.45   5833   1.88
15045   91897732   2989   2.75   2989   4.89
74495   29847168   5662   5.95   6281   1.28   2914   10.03   1855   3.47   2514   15.2   6337   6.05
88914   31193794   4608   11.65   3675   11.82
48113   84165595   9714   4.95   4447   10.98   8600   4.02   5537   4.13   5833   4.33   4010   14.85   6919   7.45
63380   91897732   5227   2.22   1836   5.62   9743   15.27   2989   5.95   2414   7.57   7016   10.59   4910   12.07   3675   8.44
35498   94326707   7220   6.44   2740   8.49   5332   1.97   3555   2.2
61855   94326707   8881   12.05   1130   2.84
61202   29847168   3732   12.03   2365   15.49   8802   3.64   6261   8.62   2200   11.83   1219   15   8802   4.15
57446   73786035   7746   15.67   2916   4.14   2603   9.42   1785   14.49
48473   29847168   9566   8.41   4314   14.67   3573   11.99   7533   5.35   7299   7.78   9025   14.51
64641   71984468   2909   6.42   2909   5.68   9168   12.1   1214   6.46   4910   11.01   7394   1.04   3267   10.34
54176   67418025   5227   5.22   1855   10.32   2925   15.49   5628   6.06   8706   5.08   9289   1.17   8463   5.81
73170   94326707   6010   12.49   8738   13.03   3675   3.42   3761   14.67   8981   6.33   1219   4.48   2937   1.17   8322   9.9
11976   89298238   9566   5.44   9181   4.32   6749   1.79   8738   2.67
55735   73786035   5662   9.17   2989   14.7   7220   3.11   3377   5.28   9260   8.79   2603   7.64
51925   69975105   1214   14.49   6582   13.33   7394   15.53   8668   2.94   2514   15.93   1785   6.7   4010   12.91
85240   54761731   1301   8.57   1574   2.11   5833   8.67   7780   12.25   6610   2.84   2916   4.79   9058   6.33   9967   13.4
29222   89298238   7533   10.13   3138   5.39   7394   12.96   8195   11.88   9714   6.14   7654   3.13   9260   10.09
33563   79475585   8758   3
38791   67418025   4910   13.5   8332   15.62   1225   7.74   1214   1.12   4141   7.71   6435   1.4   9275   7.92   9025   6.88
52573   79464412   9058   5.65   5833   6.99   7506   5.16   4701   2.54   1220   10.96
21588   89298238   3761   9.98   8706   1.89
81211   31193794   6089   8.41   9058   11.61   4314   1.88   3138   2.13
79869   67418025   7449   1.96   7257   12.99   1220   15.35   2914   11.49   2740   14   7780   7.86
13265   35584593   2467   9   2232   8.44   1785   5.77   1130   7.35   1836   4.13   2467   11.56
91927   20864087   2598   7   2580   5.7   7449   6.34   8823   5.58   1220   4.31   5515   7.36
90077   29847168   5537   3.28   2598   9.06   7506   5.13   8706   4.1
85939   16552775   6337   2.36   7654   10.74   1219   9.9   8738   7.22   7742   4.28
54143   69975105   9275   1.85
39479   69975105   3126   8.39   4701   5.92   7742   15.59   8600   14.26   8842   9.86   8823   13.12   5628   2.76   5537   15.65
59637   96659352   5609   13.26
69915   31193794   6749   1.54   8738   8.82   1785   5.03   1225   2.21   1156   6.09
70063   43053402   8668   13.35   2914   8.33   1301   6.43
28898   79475585   1220   5.7   9967   15.5   2225   10.5   4608   15.07   7016   10.24   6083   5.87   6919   9.64   2422   7.76
83735   33397650   5332   12.89   2325   9.84
75499   54761731   5658   2.25   9886   3.38
66725   79464412   6749   12.05   1219   5.07   7299   12.46   8600   10.08   8823   1.17   5515   10.58   2914   15.36
88455   33397650   7706   3.83   6089   12.07   9566   14.38   1312   9.68   6822   7.47   5662   6.04
91645   57690875   1373   7.29   3044   6.15   4580   1.39
19683   33397650   4608   3.38   1418   7.11
65742   71984468   4580   8.32   3555   13.27   2232   9.15   1235   1.57
37548   31193794   9289   3.51   6582   3.54   6281   15.85   6337   5.17   2322   8.44   4743   1.67   8668   5.46   5628   2.77
64629   79464412   5227   11.76   7556   8.33   7394   13.97   8322   10.14   2909   6.54   1214   7.44   7746   7.06
91405   20864087   3413   2.13   1214   11.51   3656   5.06
29277   57690875   2200   12.93   7257   1.17   7531   9.05
65343   73786035   7531   15.42
