612129    118
694094    179
751919    94
724281    129
282726    103
480509    34
254154    20
360258    65
915960    132
349482    39
771276    129
232542    80
913685    23
131288    57
973757    184
591454    40
952652    171
220861    98
780367    149
691386    142
547941    122
878367    73
134848    70
527312    32
351499    31
997410    98
120767    141
392931    135
137405    100
246666    178
610548    191
958942    61
492640    178
331934    60
531731    177
249106    191
147664    36
376224    20
226840    108
550341    189
602128    74
359171    133
385260    140
230581    173
416692    63
