331934   (Plato LIHLY DN NZ)   15893   0.84   35285   0.37   50006   0.38   48694   1.82   17862   1.83   44410   0.41   18190   0.75   51196   1.71   22913   1.48   23419   1.6   41501   0.77   35185   0.51   32648   0.64   47528   1.05   30774   1.38   44081   0.84   49572   1.8
780367   (Plato ANQPU LL NAX)   16133   1.51   52554   1.13   20749   0.51   30774   1.17   22583   1.96   26528   0.99   20729   0.76   50538   1.27   45234   0.32   28784   1.02   33264   0.71
360258   (Plato WNZTQ POBB L)   29203   1.68   22861   1.3   49950   0.22   11400   1.41   37270   1.55   18149   0.7   21225   0.43   16573   0.83   20263   1.39   22809   1.63
878367   (Plato ENXCI)   25519   1.76   23958   0.54   49572   0.91   32261   1.36   50407   1.37   25629   1.06   33088   1.38   42415   0.93   12768   0.96   46249   1.19   35777   0.75   25526   0.48   41198   1.81   45234   1.34   43095   0.99   25416   1.57   45012   1.35
359171   (Plato KWCSW CJI UH)   27395   1.3   33055   1.06   26528   0.5   21225   1   53503   0.67   45234   1.52   33100   0.82   28688   1.67   35185   1.3   38717   1.34   41198   0.56   25526   1.83
915960   (Plato SVYFE GG NZR)   26769   1.11   32137   1.92   50589   1.32   52609   1.49   35375   0.47   52540   1.34   39000   0.88   21125   1.6   37270   0.36   38636   1.06   11563   1.6   16601   1.99   28943   0.46   48402   0.21   39576   1.14   51196   0.88
771276   (Plato NBRZI AH P)   16573   1.5   32803   0.21   29347   0.81   25273   1.86   53503   1.46   21134   1.48   39000   0.69   50407   0.6   46683   0.35   34685   0.56   28784   0.44   18829   1.15   11335   1.63   53292   0.47   50006   0.57   49950   1.34   21125   0.58
475843   (Plato OWRXY OC X)   29041   0.73   16475   0.43   51196   1.55   31179   1.72   18190   1.71   14890   1.27   48125   0.79   50589   0.38   26769   1.24   41198   0.95   11140   1.2   22861   0.4
492640   (Plato BUARW MB WI)   40062   0.23   18523   0.95   29041   0.55   37744   0.54   20471   0.58   52540   1.24   37258   0.48   30774   1.11   47528   1.76   27618   1.01   40854   1.73   16133   1.64   13933   1.82   34517   1.32   40087   1.64
385260   (Plato OFENU TNP Q)   38483   1.05   12768   0.65   16168   1.07   39820   1.02   41501   0.52   44081   0.51   16573   0.51   43095   1.21   28688   1.37   21225   0.9   53503   1.79   27767   1.8   14441   1.61   33100   0.53   39000   1.45   16475   1.23   36347   0.27
774548   (Plato HNLRM XB ARB)   35777   0.5   25817   1.54   27395   1.27   35375   0.41   19766   0.7   25629   1.28   45234   0.28   42415   1.86   15893   1.24   21134   0.85   21225   1.17   41198   0.43   26769   0.8   38636   1.53   33055   1.94   47404   1.07
913685   (Plato FRBSH UUM R)   21137   0.57   50589   0.38   43095   1.02   44171   0.43   35540   1.71   26769   1.69   11900   0.9   20936   0.23   53292   0.29   36347   0.22   11400   1.51   41198   1.1   13405   1.96
220861   (Plato DZAXB Q URJ)   39053   0.61   12207   1.81   11335   0.49   52554   1.78   25223   0.33   32261   1.77   44081   0.41   31631   1.19   35375   1.88
731087   (Plato DKFWO Q NXFH)   38717   1.77   22809   1.5   11140   1.73   19704   1.29   29203   1.2   48678   0.51   29041   1.37   23958   0.67   40087   0.87   51861   0.83   38468   0.3   17862   1.1   42415   1.58   19766   0.74   25416   0.44
612129   (Plato BSBKQ DZ)   26381   0.65   25526   0.9   33055   1.15   31427   1.32   14123   1.18   52540   1.04   14441   0.64   14639   1.75   46240   1.75   21137   1.82   42326   0.52
958942   (Plato MEVZD ALU UVK)   17862   1.48   16133   0.39   39053   0.44   39576   1.12   22749   0.62   31631   0.95   53292   1.1   16601   0.92   24864   0.87   33055   1.98   51196   0.73   18829   0.7   39968   0.76   28943   0.72   25273   1.58   15878   1.03   50538   1.41
550341   (Plato RJPXU BH)   17862   1.08   14890   1.13   50006   0.82   37744   1.98   43095   1.12   33100   1.12   18190   1.55   42415   0.58   25526   1.38   30774   1.17   18149   0.88   35285   1.49   39968   1.86
751919   (Plato HHKJG R O)   31427   0.28   21744   0.51   26257   1.88   29246   1.25   46683   0.97   42128   1.95   45909   1.46   47528   0.49   27767   1.63   16475   0.8   41116   1.58   34685   0.48   22809   0.47   32648   0.69   11563   1.36   20773   0.47
691386   (Plato XKYLY V YS)   48125   0.61   50589   0.23   22809   0.52   40087   0.25   32803   0.44   26358   1.26   45909   0.27   13933   1.37   11335   0.88   35540   1.78
351499   (Plato GIDQD MW UEP)   37497   1.12   26166   1.13   20936   1.11   34685   0.49   16133   0.58   13344   1.6   39968   0.41   22749   1.59   53292   1.23   46851   1.83   29274   1.91
282726   (Plato QRMPI X KBX)   11900   1.24   25519   1.11   21125   0.76   44410   0.65   26528   1.08   25526   0.3   16475   1.77   54016   1.4   19766   0.59   33055   1.85   38717   1.7
707130   (Plato RTCTU WBV TOZ)   32261   1.56   13344   0.31   47146   0.82   25817   1.99   16475   1.67   20749   0.5   44410   1.07   28943   0.96   38636   1.21
232542   (Plato AOKRN WOYX C)   27395   1.49   29246   1.37   18523   1.31   12748   1.7   29203   0.32   46249   0.69   25519   0.21   45909   0.67   16601   1.24   51871   0.42
392931   (Plato QUPZN AIZ)   46740   0.87   19766   1.37   20729   1.17   35540   1.94   40854   0.79   33100   1.9   25526   1.79   24864   1.08   51861   1.73   43095   0.74   52554   1.96   37751   0.69   31800   1.08
416692   (Plato EXYEG V ZE)   15059   1.41   53292   0.22   48694   1.32   24864   1.91   16133   1.56   20471   0.24   37270   1.56   42128   1.23   31427   1.3   38483   1.52   46851   0.74   25629   1.24   51871   0.51   32137   0.9
678623   (Plato EVNHQ FQCHG G)   49572   0.43   19704   0.87   37258   1.9   50006   1.58   44171   1.29   27767   0.41   30018   0.61   24864   0.54   22861   1.77   46240   0.38
694094   (Plato NTXDX QV EY)   30018   0.68   17755   0.99   21137   1.06   43095   1.7   33055   1.69   23958   1.04   42326   0.78   14639   1.4   13344   1.88   17793   1.19   32261   1.01   35185   0.5   27395   1.03   15059   1.23   49183   0.86   46486   0.49   23419   1.03
349482   (Plato ZZWBW JQFR)   34685   1.72   38717   1.72   41198   0.61   42326   1.51   25223   1.95   17793   1.06   16475   1.2   34517   1.86   46486   1.26   26257   0.96   39968   0.48   37744   1.62   32261   1.89   28733   0.77   45909   1.8   13405   1.02   44081   1.91
602128   (Plato VLSVL MS H)   39576   0.83   52554   1.7   25130   1.26   13414   1.6   17755   0.45   22865   0.22   42128   1.6   39053   1.62   11563   0.24   35777   1.07   28784   1.84   47206   0.27   20936   0.68   37751   0.52   15878   1.94   23419   1.35   23958   0.24
137405   (Plato QXLDP W IF)   18149   1.37   28733   0.33   21125   0.7   31427   1.15   26257   1.68   18523   0.67   47404   0.71   20263   1.5   22913   0.78   50407   0.51   28784   1.25   37838   1.22   14441   1.15   25130   0.57   25526   1.93   41116   0.21   18592   1.57
249106   (Plato QUETW ERUW T)   21137   0.61   30018   1.45   14441   1.74   27767   1.49   52540   0.61   49183   1.94   37751   0.62   26381   1.9   19704   1.49   22749   1.49   26166   0.33   27395   0.72   41116   1.69   27618   1.54   24864   1.27   52554   0.84   44081   1.06
531731   (Plato YHQFI MA ECBW)   26769   1.79   31631   1.44   37497   1.41   37270   0.32   26358   0.34   12207   0.74   50364   0.39   28688   1.34   42415   1.01   38636   0.89   26166   1.44   32402   0.4   18829   0.48   38468   1.04   38483   0.65
746685   (Plato JNEXU G BR)   20936   1.6   46240   1.55   50589   0.81   25519   1   42415   1.35   51196   0.82   22809   1.45   21125   0.37   27395   0.37   28733   1.84   46486   0.68   52609   1.49   39820   1   37019   1.23   30018   0.33   11328   1.45
182934   (Plato BLMYF DUR I)   21225   1.46   17755   0.63   14441   0.2   14123   1.16   21744   0.33   37744   1.1   41501   0.32   46249   1.03
338843   (Plato OOPYG IIGDO ZB)   47404   0.4   46240   1.97   49572   1.3   25817   1.5   37258   0.97   20936   0.37   50407   1.63   14123   1.13   42326   0.57   17755   1.68   36347   1.83   46683   1.66   11328   1.15   16133   0.69   39576   0.28   34517   0.44   18190   1.01
230581   (Plato MYNBH)   41116   1.87   51861   0.67   14441   0.58   18592   0.76   29246   0.93   39000   1.57   49572   0.85   25223   0.99   32648   0.65   29203   1.58   25416   1.42   11328   0.46   11900   1.95   48402   1.68   13405   0.59
591454   (Plato DVXLX KC)   11563   1.52   34006   1.34   13933   0.48   32261   1.85   32137   0.45   25273   1.37   16475   0.51   28733   1.98   31800   0.62   44171   0.73   31427   1.84   14890   0.3   20729   0.23
952652   (Plato PZQVN B O)   20471   0.82   22809   0.28   25416   1.55   22749   0.65   21134   0.79   21125   0.9   14441   1.95   34685   0.5
547941   (Plato MRLOI FO KN)   22865   1.97   35375   1.66   53503   1.3   33088   0.68   35777   1.22   13124   1.7   34510   1.73   17793   0.58   50364   0.93   46740   1.77   32261   0.58   32137   0.34   26381   0.43   21137   1.32
412847   (Plato OJLRM O)   32803   1.01   29903   0.83   16133   1.09   25223   1.29   19766   1.51   25629   1.62   30018   0.96   33100   1.15   22809   1.8   11328   0.77   28784   1.52   30774   0.21
480509   (Plato SICFM WY AW)   50006   1.96   50538   1.24   37258   1.71   39820   0.78   25519   0.36   35540   1.9   20773   1.35   29041   1.9   29203   0.7   20936   0.75   19766   1.87   20749   0.45   21134   0.3   16343   1.16   28688   1.78   37744   1.54   20729   1.96
226840   (Plato BLDKB B GV)   15059   1.07   18149   1.59   21125   0.63   32803   1.08   37744   0.47   41501   0.89   14890   1.51   22913   0.79   28943   1.35   20936   1.24   32648   0.57   47146   1.39   21087   0.48   38483   0.97   25223   1.8   13414   0.76
268519   (Plato QOLOS FJ L)   21134   1.8   31631   1.97   35777   0.54   33264   1.75   21744   1.01   31800   0.22   25130   0.46   37019   0.24   20936   1.66   37751   1.86   54016   1.27   46486   1.85
395433   (Plato RWZAR SQV S)   42415   1.1   50364   1.27   42326   1.8   16475   1.24   37258   1.62   21137   1.45   13933   0.86   35540   0.96   11900   1.93   29246   1.47   20773   1.31   26257   0.95   15878   0.6   32261   0.69   46683   0.97   17793   0.84   25273   1.76
254154   (Plato KCYQO QY)   20471   0.59   33088   1.98   46740   0.66   37019   1.97   26358   0.39   50538   1.33   33055   0.34   22861   0.93   45395   1.27
610548   (Plato XCTEK BNF G)   40062   1.44   30018   1.83   22865   0.26   42128   1.64   25629   0.96   16168   1.42   28688   1.35   43095   0.65   32261   1.71
147664   (Plato WSFBC R WAJ)   17755   1.77   53503   1.75   11140   1.36   21225   0.58   25130   0.93   52609   0.67   20729   0.37   49572   0.48   39968   1.87   14441   1.99   53292   0.34   38483   0.91   52554   0.27
590593   (Plato JTMAB EWR GS)   47404   1.34   34685   1.66   25130   2   50364   0.97   21744   1.63   18592   1.92   17862   1.43   46240   1.48   24864   0.75   51871   1.66   37838   0.71   32648   1.85
134848   (Plato PGLNU RQ XWH)   11900   1.64   35375   1.01   12207   1.62   25519   1.12   20263   1.14   26528   1.26   13933   1.17   31800   1.24   32261   1.48   12748   1.95
114374   (Plato WZZHX P J)   25416   0.25   15059   0.48   47146   1.91   13414   0.96   33100   1.47   22865   1.13   15878   0.47   27395   1.83   46486   0.62   39053   1.56   30774   1.21
376224   (Plato AHJLI H OH)   31800   0.2   46240   0.61   33264   0.78   20263   1.04   26358   0.91   15059   0.57   45012   1.15   44410   0.74   15893   1.39   37258   1.93   37838   1.67   48694   1.91   41198   1.22   45395   1.02   27395   1.77   11335   0.71   38483   1.2
378948   (Plato WMVCG QY VO)   12748   1.59   16475   1.37   36347   0.99   26769   0.22   16573   0.91   37751   0.46   37838   1   18192   0.59   25130   0.45   15893   1.75   25223   1.14   15878   0.63   32137   0.69   13124   1.96   11563   0.29
997410   (Plato EWDJV EEE)   23419   1.37   39968   0.24   48694   0.95   14441   1.18   17862   1.01   22809   1.77   28733   1   37751   0.35   47404   1.82   16475   0.77   29274   1.11   13124   1.96   20263   1.53   32402   1.36   18190   1.45   49950   0.99   29246   0.71
853651   (Plato KTDSU XM)   25629   0.59   33088   0.4   44081   0.94   28943   0.43   33724   1.53   27767   0.41   46683   1.42   32402   0.85   13344   1.4   50364   0.21   23958   1.59   29246   0.71   16573   1.64   28784   0.9
527312   (Plato HXXZP PZYX WO)   19016   0.87   42326   0.99   37258   0.82   47404   2   28733   0.89   28943   0.44   46740   0.42   22749   0.83   22865   1.36   50538   1.65   48402   1.54   45395   0.48   41501   1.95   32803   1.65   32648   1.56   25223   1.73   16475   0.55
246666   (Plato DQLWA T J)   32648   1.22   31730   1.08   48694   0.43   31800   1.89   17862   1.69   11400   1.99   43095   0.42   12207   0.9
120767   (Plato YLQSP W S)   11140   1.34   22749   0.25   19016   1.78   20729   0.66   49183   1.63   21521   1.11   28688   1.4   54016   0.88   27618   0.31   42128   1.7   42326   0.53   20936   0.85   46740   1.07   20263   0.36   21225   0.6   40062   1.82   38717   0.44
724281   (Plato GJLNK U RF)   31179   0.56   33055   0.67   18190   1.37   38717   0.88   20749   1.27   31730   1.02   22583   0.69   13405   1.95   21125   0.38   45012   1.27   44410   0.55   19704   1.14   24864   1.51   27767   0.88
973757   (Plato RGEYT PTT)   26528   0.43   29041   0.23   29203   1.95   33100   1.74   37744   1.3   23958   0.7   22583   1.03   49950   1.98   34517   0.38   14441   0.85   29274   1.42   36347   1.47   16343   0.77   50407   0.27
131288   (Plato HEZQC B T)   22749   1.89   34685   1.5   46851   1.45   21134   1.92   35185   0.42   30774   1.01   16573   0.66   41501   1.88   29274   0.23   12748   1.12   16343   1.34   49183   1.97   52609   0.28   29347   0.87   48125   1.61   11900   0.79   11563   0.26
