18192    8.35
18523    13.81
18592    20.10
18829    34.38
19016    12.94
19704    22.54
19766    18.41
20263    17.35
20471    26.94
20729    4.16
20749    0.49
20773    23.67
20936    10.48
21087    22.86
21125    39.37
21134    27.69
21137    13.98
21225    8.60
21521    9.19
21744    20.98
22583    10.78
22749    8.88
22809    14.53
22861    13.04
22865    22.61
22913    19.55
23419    2.18
23958    34.92
24864    28.40
25130    22.07
25223    30.84
25273    35.41
25416    5.82
25519    18.92
25526    39.78
25629    23.02
25817    19.83
26166    19.37
26257    16.24
26358    15.87
26381    6.78
26528    14.88
26769    15.95
27395    15.66
27618    10.63
27767    15.78
28688    18.15
28733    0.92
28784    14.90
28943    27.58
29041    31.58
29203    22.35
29246    30.77
29274    17.72
29347    28.87
29903    2.88
30018    4.29
30774    24.51
31179    12.96
31427    39.49
31631    20.91
31730    23.82
31800    5.19
32137    22.29
32261    39.60
32402    15.52
32648    29.66
32803    9.51
33055    4.35
33088    23.63
33100    10.53
33264    18.29
33724    12.09
34006    17.95
34510    10.21
34517    7.63
34685    1.60
35185    5.25
35285    28.52
35375    25.09
35540    19.25
35777    14.49
36347    39.11
37019    33.06
37258    20.99
37270    18.66
37497    13.90
37744    13.17
37751    32.84
37838    23.89
38468    14.97
38483    11.07
38636    13.32
38717    37.13
39000    17.67
39053    3.38
39576    28.51
39820    29.44
39968    10.72
40062    29.03
40087    11.67
40854    12.52
41116    23.00
41198    19.22
41501    8.99
42128    33.93
42326    5.42
42415    3.58
43095    15.74
44081    15.77
44171    11.82
44410    30.23
45012    38.39
45234    4.53
45395    28.91
45909    28.03
46240    1.50
46249    3.58
46486    15.55
46683    29.46
46740    5.92
46851    32.30
47146    34.13
47206    30.60
47404    0.14
47528    18.06
48125    3.52
48402    28.70
48678    21.33
48694    33.55
49183    21.43
49572    19.50
49950    2.99
50006    26.01
50364    35.73
50407    37.48
50538    33.96
50589    19.09
51196    37.83
51861    6.99
51871    30.60
52540    2.44
52554    29.49
52609    33.27
53292    28.95
53503    31.20
54016    3.21
