====================================================================================================
PRODUCTOS DESCOMPUESTOS
----------------------------------------------------------------------------------------------------
Producto     Cantidad     Precio Unitario (S/.)    Sub-total (S/.)
  1) 25526   1071.22             18.57                19892.56
  2) 41116    792.82             19.44                15412.42
  3) 42128    898.20             16.29                14631.68
  4) 27395    633.73             21.05                13340.02
  5) 49183    845.17             15.61                13193.10
  6) 28688   1148.71             11.01                12647.30
  7) 22749    643.51             18.24                11737.62
  8) 52554    873.88             13.33                11648.82
  9) 53503    718.45             16.18                11624.52
 10) 20263    524.30             19.19                10061.32
 11) 33100    961.07             10.32                 9918.24
 12) 24864    728.16             13.25                 9648.12
 13) 27618    507.00             18.43                 9344.01
 14) 27767    787.55             11.22                 8836.31
 15) 31800    592.63             14.88                 8818.33
 16) 31427    413.09             20.91                 8637.71
 17) 41501    375.69             20.92                 7859.43
 18) 21225    383.83             20.47                 7857.00
 19) 29203    768.39             10.19                 7829.89
 20) 49950    645.51             11.64                 7513.74
 21) 25223    498.58             14.81                 7383.97
 22) 38717    558.83             12.76                 7130.67
 23) 26166    333.57             21.19                 7068.35
 24) 22583    559.79             12.20                 6829.44
 25) 40087    315.75             21.14                 6674.95
 26) 21137    681.18              9.76                 6648.32
 27) 30018    743.91              8.90                 6620.80
 28) 33055    979.40              6.66                 6522.80
 29) 19766    290.89             21.37                 6216.32
 30) 26769    486.27             12.51                 6083.24
 31) 38636    284.13             21.18                 6017.87
 32) 32137    347.33             16.85                 5852.51
 33) 25273    355.71             16.27                 5787.40
 34) 30774    708.90              8.02                 5685.38
 35) 34517    369.79             15.30                 5657.79
 36) 48402    338.94             16.55                 5609.46
 37) 47528    404.28             13.85                 5599.28
 38) 44081    423.16             13.09                 5539.16
 39) 35375    494.41             11.18                 5527.50
 40) 21125    665.89              8.21                 5466.96
 41) 32648    514.69             10.50                 5404.25
 42) 26528    477.69             11.24                 5369.24
 43) 37751    251.51             21.22                 5337.04
 44) 29274    424.66             12.02                 5104.41
 45) 37744    862.67              5.76                 4968.98
 46) 49572    319.26             15.25                 4868.72
 47) 35777    268.28             17.97                 4820.99
 48) 46740    504.98              9.52                 4807.41
 49) 35185    311.69             15.41                 4803.14
 50) 50538    362.84             12.65                 4589.93
 51) 18829    241.63             18.99                 4588.55
 52) 20936    358.81             12.33                 4424.13
 53) 51861    342.47             12.74                 4363.07
 54) 50006    291.94             14.83                 4329.47
 55) 43095   1064.18              4.06                 4320.57
 56) 41198    260.88             16.29                 4249.74
 57) 37497    270.39             15.59                 4215.38
 58) 19704    409.11             10.08                 4123.83
 59) 33088    199.67             20.40                 4073.27
 60) 29246    426.80              8.86                 3781.45
 61) 26381    485.28              7.77                 3770.63
 62) 37270    284.53             12.97                 3690.35
 63) 35285    275.29             12.75                 3509.95
 64) 22865    327.19             10.45                 3419.14
 65) 37258    187.43             17.58                 3295.02
 66) 29041    173.24             18.50                 3204.94
 67) 32402    188.56             16.79                 3165.92
 68) 21134    417.96              7.46                 3117.98
 69) 20471    243.44             12.44                 3028.39
 70) 52609    203.49             14.85                 3021.83
 71) 20729    449.25              6.38                 2866.21
 72) 21521    147.32             19.06                 2807.92
 73) 31730    300.00              9.27                 2781.00
 74) 40062    543.57              5.02                 2728.72
 75) 39968    509.45              5.09                 2593.10
 76) 22913    232.57             11.06                 2572.22
 77) 28733    267.79              9.56                 2560.07
 78) 38468    169.11             15.07                 2548.49
 79) 32261   1062.61              2.38                 2529.01
 80) 47146    115.99             21.62                 2507.70
 81) 29347    125.21             19.20                 2404.03
 82) 26358    249.23              9.34                 2327.81
 83) 19016    265.88              8.67                 2305.18
 84) 46683    106.87             21.23                 2268.85
 85) 26257    365.92              6.12                 2239.43
 86) 46486    121.30             18.39                 2230.71
 87) 46851    153.70             14.48                 2225.58
 88) 34510    200.85             11.05                 2219.39
 89) 39000    662.11              3.29                 2178.34
 90) 39820    139.88             14.68                 2053.44
 91) 37838    131.51             15.59                 2050.24
 92) 48125    174.87             11.08                 1937.56
 93) 34685    369.03              5.06                 1867.29
 94) 47404    313.22              5.95                 1863.66
 95) 44410    147.07             12.57                 1848.67
 96) 52540    634.39              2.87                 1820.70
 97) 40854    402.07              4.44                 1785.19
 98) 28943    236.94              7.17                 1698.86
 99) 20749    254.63              6.22                 1583.80
100) 22861     90.06             17.02                 1532.82
101) 23419    512.35              2.98                 1526.80
102) 23958    337.22              4.40                 1483.77
103) 45012    246.99              5.93                 1464.65
104) 36347    274.23              3.52                  965.29
105) 20773     66.41             14.06                  933.72
106) 18523    327.09              2.72                  889.68
107) 25519    331.33              2.67                  884.65
108) 33264    103.10              8.26                  851.61
109) 45909    271.35              3.02                  819.48
110) 42326    360.86              2.23                  804.72
111) 35540    599.34              1.27                  761.16
112) 50589    196.55              3.85                  756.72
113) 48694    366.65              2.00                  735.13
114) 25629    315.84              2.13                  672.74
115) 21087     28.98             20.03                  580.47
116) 39576    251.71              2.23                  561.31
117) 50364    146.76              3.64                  534.21
118) 42415    352.70              1.51                  532.58
119) 44171     27.27             19.52                  532.31
120) 21744     26.96             19.52                  526.26
121) 39053    203.12              2.39                  485.46
122) 31179     59.28              7.98                  473.05
123) 38483    508.26              0.87                  442.19
124) 51196    225.46              1.83                  412.59
125) 34006     35.65             11.14                  397.14
126) 25130    161.65              2.45                  396.04
127) 22809    430.78              0.88                  379.09
128) 45395     32.25             11.59                  373.78
129) 32803    249.50              1.47                  366.76
130) 25416    619.50              0.56                  346.92
131) 31631    408.54              0.72                  294.15
132) 54016    265.07              1.05                  278.32
133) 28784    455.00              0.59                  268.45
134) 46240    217.20              0.87                  188.96
135) 18592    268.38              0.65                  174.45
136) 51871     35.13              4.95                  173.89
137) 53292    169.68              0.96                  163.23
138) 50407    240.61              0.58                  139.55
139) 37019      6.34             19.38                  122.87
----------------------------------------------------------------------------------------------------
Costo total de productos descompuestos: S/. 559772.18
====================================================================================================

====================================================================================================
PLATOS QUE NO SE PODRÁN PREPARAR
----------------------------------------------------------------------------------------------------
Plato     Cantidad     Precio Ingrediente (S/.)   Sub-total (S/.)
 1) 360258    91               98.82                8992.63
 2) 331934    93              138.16               12849.34
 3) 878367   154              121.58               18723.06
 4) 915960   231              136.62               31560.26
 5) 771276   246              145.03               35677.73
 6) 913685   249               64.68               16106.04
 7) 232542   276               54.99               15177.18
 8) 780367   281               90.04               25300.90
 9) 416692   290              130.97               37982.04
10) 220861   313               61.53               19258.04
11) 691386   315               28.88                9096.60
12) 359171   343              178.44               61205.33
13) 958942   393              108.52               42647.30
14) 351499   399              139.30               55580.52
15) 751919   404              167.64               67728.30
16) 492640   430              150.68               64790.55
17) 385260   496              132.21               65575.86
18) 527312   500              218.22              109111.25
19) 997410   512              119.93               61406.23
20) 612129   517               80.45               41594.61
21) 349482   520              184.41               95893.41
22) 591454   561              131.55               73798.88
23) 952652   619               38.98               24130.85
24) 226840   623              134.95               84070.80
25) 531731   632              151.87               95981.21
26) 376224   633              188.32              119206.65
27) 282726   636               83.18               52899.49
28) 550341   651              104.02               67718.13
29) 547941   681              158.66              108047.80
30) 480509   693              246.12              170562.96
31) 602128   703              105.05               73848.25
32) 230581   792              137.94              109245.71
33) 131288   845              203.50              171959.11
34) 249106   864              263.01              227241.76
35) 147664   873               76.33               66638.17
36) 392931   878              200.04              175632.66
37) 694094   886               98.17               86974.90
38) 254154   892              145.47              129761.74
39) 973757   961              121.31              116579.01
40) 724281   979              104.87              102667.04
41) 610548   989               76.57               75723.28
42) 134848  1062               72.29               76777.08
43) 246666  1064               53.51               56936.93
44) 137405  1071              149.08              159665.97
45) 120767  1148              176.34              202436.71
----------------------------------------------------------------------------------------------------
Suma de precios de los ingredientes de los platos queno se podrán preparar: S/. 3524762.28
====================================================================================================
