5732      51.13
7751      144.17
2851      166.22
5739      163.28
1399      43.86
6681      105.76
4847      62.52
5280      70.85
8680      17.60
3724      150.22
9184      108.51
3698      51.88
2315      185.32
4560      125.22
6073      98.57
9432      156.67
2691      168.19
5489      88.47
9201      100.30
9341      111.28
8849      31.95
3940      9.23
5416      170.46
2582      167.08
7273      176.34
2686      17.52
8149      150.94
6408      72.61
4508      31.54
3614      184.40
2817      168.71
3842      5.55
3307      171.24
9634      138.57
8727      133.68
9078      94.65
7427      173.27
9728      16.53
7107      31.51
4173      3.32
5526      35.11
3984      71.95
3089      121.65
5896      141.09
2659      155.67
5013      174.92
7412      126.17
1965      17.97
8678      41.40
1374      169.40
2566      58.42
6972      177.02
2017      41.67
8060      172.39
6175      20.21
6876      86.67
3878      162.22
3593      86.06
8546      38.58
6233      177.65
1716       15.80
7338      117.82
8062      103.92
5192      105.61
6827      33.53
3680      107.89
8452      172.91
7649      84.52
9565      98.27
8270      175.31
6783      83.30
8826      76.94
6531      12.71
8215      78.48
4776      197.11
1878      109.30
1378      101.84
9744      186.77
3509      117.18
6429      158.05
3543      113.28
7828      172.24
1489      42.72
7339      72.51
6611      186.63
