20/08/2016   18318259   44195   6611   11   2659   3   7828   10   5526   10   6175   5   3593   4   7339   10
29/08/2017   81453124   11692   1716   11   7338   3   7828   4   2691   2
9/05/2018   47669325   72572   3940   12   1374   1   8452   7   7273   1   4847   11   8062   11   5013   8
2/12/2017   85832662   23506   2691   1   3307   12   6175   10   2315   1   9565   8   3614   5   1878   12   2315   8   8149   12   9432   5
9/08/2015   68132454   38655   3698   5   7339   8   6073   8   3680   10   1374   2   3984   11
30/07/2015   89930902   44195   7828   12   6233   10
23/06/2019   90646479   58245   4508   11   2691   4   6611   9   1378   6
6/07/2019   16466814   55802   6408   4   8270   3   9565   7   5280   1   2851   11   5192   6   3984   1   7751   8
13/05/2019   70447516   27026   5192   5   1489   7   9078   7   2817   2   3089   11   2315   7   9728   4   9201   11   7339   12   9744   10
2/12/2017   45135095   31136   8826   5   7338   7   6233   11   1374   2   5416   10   3089   10   9201   8
1/06/2016   16466814   78990   4776   9   1489   9   1374   9   1489   12   6972   10   3543   5
24/08/2018   43856398   27026   8546   3
5/09/2015   85832662   65125   3878   3   6408   2   8270   12   6681   12
15/09/2015   30829290   87117   2017   7   8149   12
1/07/2018   26100282   27026   7339   3   3307   7   9634   8   4847   11   5280   10   9184   5
28/11/2018   52638676   23506   1489   11   8680   2   3842   5   4508   2   6233   8
26/01/2018   24726227   12176   7273   2   9744   4
3/05/2019   85832662   31136   6531   7   4173   8   3543   4   6876   7   7338   6   8826   6   4173   11   4847   4   1374   6   9201   2
2/09/2018   93050699   23506   6681   8   3509   2   7828   6   7107   3   7412   10   6876   11   3724   12   6233   8
24/11/2018   68132454   66352   5739   10   8546   9   4847   9   3307   8   9728   6   1378   11   4847   10
5/12/2018   12343641   78990   9432   3   2851   7   3089   9
17/11/2016   68132454   44723   3614   10   6681   10   3089   10   3680   2   5739   9
17/11/2015   12343641   31136   6408   1
3/01/2016   87450785   44552   4560   6   2691   6   8546   2   3842   3   5013   5   5896   10   6783   4   5526   6   5013   2   5739   12
2/03/2018   47328780   53432   4508   12   5013   12   3984   1   3842   2   8727   5   5896   4   7412   2   8546   4   2851   12   5526   10
16/05/2018   83444266   27026   3543   3   8727   3   9201   10   5526   12   5416   2   5192   1   5526   12
22/11/2017   81453124   78990   7649   10   2691   3
5/05/2017   12376811   92836   6681   6   1878   4   8270   4   8727   6   6681   1   7338   7
4/06/2017   30829290   27026   1399   9   7107   4   8826   6   3724   5   5013   6   4560   4   8826   5   8680   4   8452   10
27/01/2019   80329046   44552   5896   5   9565   5   8680   8   3680   12   1489   5   1378   3   1965   7   9634   11
27/02/2015   79363317   87117   1399   11   3307   6   3543   12   1374   3   5416   10   8060   11   8680   6   5896   8   2659   12   3543   4
26/04/2018   81453124   78990   3614   10   6531   8   6233   7   6073   5   5896   12   3543   5   8727   10
16/02/2015   33672603   72572   4173   1   5416   1   5013   1   6972   1   3878   4   6827   12
22/07/2017   45135095   44195   7649   12   9341   2   4776   8   6681   3   7339   4   3307   7   6408   4   2659   3   6233   4
10/05/2018   83444266   44723   9078   3   7427   6   9565   11   4776   1
16/03/2017   87432716   11692   6531   6   8826   10   4560   7   6783   3   3593   12
16/10/2015   97761514   23927   3593   1   6175   9   6876   12   2691   3   7339   4   6827   2   1399   3   3698   9   5739   2
18/05/2017   76395044   44723   7107   8
9/04/2016   12343641   23506   6531   6   3593   9   2566   2   7273   7
24/05/2015   79252662   78990   3842   6   4847   1   6783   5   6233   8   8062   12   6233   5   1489   12   1378   4
11/09/2018   41993420   92836   7649   12   1374   11   5192   9   7107   8   9432   12
31/10/2015   12376811   44723   3543   9   8215   4   6611   8   8215   8   4847   8   5732   10   7649   2   8678   2   3698   7   1378   7
10/01/2018   70596834   53432   6681   9   9184   7
2/09/2016   93050699   72572   3842   9   3698   4   8680   1   6681   6
14/02/2017   42933640   72572   8546   1   8826   12   5896   9   8546   5   6681   5   9728   10   6611   12
23/03/2017   63809153   16637   1716   9   9184   3   5526   6   7273   11   3724   3
16/10/2015   55519410   58245   2851   8   3593   6   2315   5   8149   2   2851   4   5739   1   3940   1
13/10/2018   26428128   23506   3842   9   3842   1   6531   1   8452   11   9565   3   9565   3   7339   4
29/05/2015   83444266   72572   6073   1   1374   9   6531   9   6408   11   3614   6   8546   4   9078   9   9728   4   5896   2
16/06/2017   68132454   72572   9341   12   8727   6   6175   6   5192   6   2659   4   2851   2   8270   4   1378   3   9744   4
12/05/2015   93050699   27026   8452   9   4508   1
1/03/2016   90646479   78990   2017   1   2686   12   5192   10   8149   4   9744   9   6611   12   8849   8
11/01/2017   70596834   66352   5192   2   8826   1   9744   5   6408   8   6429   4   5280   6   9432   8   4560   2   7339   2
27/07/2019   85832662   53432   8452   9   6783   7   1374   5   7427   8   2691   8   4847   6   3614   1   8680   9
20/04/2016   24726227   44723   9634   3   6233   11   8452   4   1378   9   9634   12   6681   7   3307   6   3593   10   5192   10
13/05/2016   25588764   38655   7339   6   1716   6   1716   4   2817   11   8680   11   8270   7
24/09/2018   87432716   44195   5896   3   3698   10   6681   2   1878   9   5732   9   3842   2   7412   7   5416   3
10/11/2016   24726227   44723   1716   8   4560   12   1716   4   8678   7   7751   6   2315   4   3878   3   8546   5
11/08/2019   70596834   38655   7828   8   6429   5   7427   6   2691   8
20/06/2018   93050699   65125   3842   5   6531   4   6783   3   7427   8   9565   10   6876   2
30/09/2016   47669325   31136   6175   11   7107   9   9184   12   8727   3   8678   6   8215   4   7339   1   8452   2
2/09/2019   45135095   11692   8678   10   2851   5   8678   11   6408   1   7828   8   8149   10   9184   3   5489   11   6531   5
10/08/2015   79252662   92027   7751   10   9184   4   2851   9   9184   4   1374   8
20/05/2015   84816856   62937   1374   12   1965   2   7412   12   2817   10
16/12/2018   25588764   58245   3089   6   4560   4   6611   4   5416   5   4776   1   1399   9   2817   2   6429   11
12/11/2016   63809153   44723   3984   6   9184   11   2686   12   4508   6   6408   6   8149   7
12/07/2017   83444266   53432   3089   6   9341   4   2686   6   2659   5   9201   11   5732   9   7107   8   6783   9   7751   11   7107   12
27/09/2018   60788041   44195   6429   5   6611   6   1716   1   4173   2   2017   8   3940   10   3698   3   8680   9
17/03/2017   24726227   66352   1399   11   5489   8   6876   10   8149   11   7412   4   8060   10   1399   7   2691   3   7338   12   1378   3
20/07/2019   24726227   51984   1489   7   6783   2   9432   7   5896   8   8062   2
18/02/2019   93050699   66352   7273   9   6783   4   3984   1
22/06/2019   70447516   53432   7412   4   6783   10   2817   1   2686   1   6429   12   9341   12
10/01/2016   55060508   51984   6073   2   9184   9   3593   7   3680   6
15/01/2019   43856398   11692   2017   9
27/08/2018   85832662   72572   2691   6   6073   1   3543   6   3614   8   5416   8   7412   1   3878   5   1399   7   3940   8   6429   3
5/04/2015   52638676   87117   8727   11   6408   2   6611   2   2686   1   3593   11   8727   6   7828   4   6611   2
16/05/2016   18318259   92027   5732   8
5/09/2018   24726227   65125   5526   8   4173   1   2851   7   9565   11   2017   7
26/12/2017   24726227   27026   3680   1   2691   3   8215   1   7412   10   6175   1   4560   6   3543   7   6233   3
10/03/2017   79252662   12176   3543   9   1878   1   9744   2   9744   2   7751   5   8678   10   2659   1
18/06/2016   32464425   92027   1965   7   6611   12   3940   6
12/01/2019   76395044   92836   6429   7   5489   2   3089   12
14/04/2019   19718443   23506   9565   7   3842   7   2851   9   9432   12   2851   5
20/11/2018   80329046   23927   5732   5   6972   12   8060   8
7/12/2017   60788041   72572   2017   1   7828   5   6531   4
12/10/2018   42933640   31136   4847   3
25/10/2016   52638676   92836   9078   7   6429   10   4173   3   4776   3   9744   9   3842   5   9341   1   7751   6
3/06/2019   87450785   62937   8452   8   5489   4   7412   1
1/05/2019   12711160   23927   2315   2   9565   10
16/02/2019   80329046   72572   9201   11   6681   7   5280   8
26/08/2017   52638676   51984   9744   3   1489   7   6429   2   2686   8   9565   2   6531   10   7339   6
20/01/2018   84816856   53432   3593   7   9744   8   2315   1   2566   9   8678   4   3724   5   2017   5   8678   3   6876   10
12/02/2018   81453124   87117   5732   3   2851   12   6531   5
27/07/2017   70596834   92027   3509   11   2817   3   8149   3
3/03/2015   42933640   66352   8680   1   2851   1   1716   8   4173   7   5013   11   9201   5   9744   8   8826   11   6531   12   3543   7
1/08/2016   19718443   92836   4560   2   2566   11   5013   9   2659   12   5416   4   6073   4   6611   11   6783   12
8/08/2016   70596834   23927   9744   9   2315   6   8270   9
12/05/2016   84816856   53432   8678   10   2315   2   3724   1   6783   2   2315   5   3842   6   3614   4   6073   9   7412   1
5/01/2015   52638676   53432   6783   5   5526   4   4847   7   6783   9
13/01/2016   55519410   92027   3543   10   8270   4   7412   9
19/11/2018   89930902   38655   5732   1   1489   11   7828   5
25/05/2016   47328780   27026   6611   10   3984   5   7412   6   3698   9   3509   5   9078   3   6876   10   8062   4
15/01/2015   93050699   58245   6408   10   6827   8   3089   7   6972   4   8680   12   7273   9   6175   7   2566   12   4173   12
10/04/2017   24726227   44195   1716   9   6972   4   4847   7   2315   6   2582   11   9744   5   4560   10   9565   3   1489   11
29/04/2018   12343641   27026   8060   3
12/08/2015   25588764   92027   9565   5
26/08/2019   70447516   11692   2582   12   9744   10   3878   1   5416   12   3724   1   1878   7   8546   1   6233   10   2691   12   3698   6
14/09/2018   12711160   44195   9078   8   5013   6   6233   3   7107   10   6611   5
29/04/2019   84816856   92027   4173   11   1716   3   1399   6   6408   7   5489   1   7273   5   7339   5
26/03/2016   32464425   31136   7273   10   2686   3   3984   9   2686   1   1878   4   9184   9   6531   3   6531   3   3842   6   5280   10
21/10/2017   19718443   27026   5732   12   7427   12   7338   4   7273   12   9634   4   3509   6
12/02/2018   42933640   55802   3593   12
8/09/2018   12376811   38655   1399   2   2691   8   6681   9   3698   9   2582   6
13/11/2015   30829290   92027   2566   5   4508   6   8270   12
24/12/2018   28584338   87117   6972   12
21/04/2017   12376811   53432   3724   6   7751   11   8215   10   8452   7   6531   11   6531   10   1965   1   9634   9   5489   9
20/08/2015   55943346   31136   6611   12   6972   3   4847   10   1716   8   8270   5   8062   9   3940   8
27/09/2018   83444266   44195   6073   8   3543   10   3698   9
19/05/2019   12376811   31136   9565   9   2017   3   8062   1   3593   3   5416   12
22/02/2017   70596834   23927   2315   8   6233   3   1378   6   4776   5   2315   8   6876   6   3680   5   8270   7   5896   12   7338   9
27/07/2016   55943346   27026   6073   3   6175   9   4560   3   2817   1   2017   12   8149   6
5/03/2018   87432716   23927   3509   6   7649   7   6073   9   9201   8   3509   5   5416   12   7427   3   5739   9
27/09/2019   81453124   11692   5526   9
1/01/2016   68132454   44552   8270   4   1716   5   3543   2   5526   11   8062   6   6073   8   2686   9   3593   5   5013   6
1/02/2019   12343641   66352   9565   7   8060   7   8727   4
3/04/2018   55943346   53432   3307   10
16/04/2019   79252662   72572   3842   6   7107   11
8/10/2015   12343641   65125   6233   2   7273   7
23/11/2018   84816856   44552   6972   2   6408   4
11/04/2019   90646479   44195   9201   5   2566   9   3593   6   1716   2   6531   11   4508   9   8149   12   9341   5
11/07/2016   12711160   66352   3307   2   7273   2   1489   9   2691   1   7107   2   3307   6   1374   9   6681   5   9432   4
2/03/2019   87432716   23927   9744   11   2566   9   8826   5   3543   5   2817   9   8215   10
17/08/2019   97761514   87117   3940   7   5013   6   2566   9   9432   9
2/07/2016   26428128   87117   6827   4
21/05/2018   55060508   27026   1878   5   2566   9   1965   6   3940   10   9201   10   2315   11
4/11/2018   76395044   72572   9634   12   6429   2
27/08/2018   63809153   12176   3614   11   5013   9   6073   7   3593   5   3940   10   3698   8
9/10/2015   70596834   62937   2686   2
3/07/2016   81453124   27026   2817   5   8727   12   2017   8   5192   11   2017   9
22/04/2019   26100282   87117   5732   4   7273   2
27/06/2015   12343641   44552   7751   1   4560   8   1378   12   1374   7   9184   6   9728   1   8060   2   1378   2   7339   1
3/04/2017   45135095   58245   2686   8   6233   3   8215   7   6175   8   8546   12   9744   2   2686   3   1878   1   5526   10
2/05/2015   70596834   66352   2659   9   8270   5   2817   12   7107   9   6681   11
30/03/2017   60788041   53432   3614   3   3680   12   7751   5   8826   10   3940   9   6827   7
30/07/2018   70596834   44723   3543   8   2817   8   3089   9   5192   7   2315   7   3940   8   5280   6   1399   8
14/05/2018   55060508   44195   8849   5
9/02/2017   26100282   72572   7751   11   4847   10
24/08/2018   85832662   65125   2686   3   5896   5   7339   12   8727   9   3842   11
25/09/2017   55060508   27026   8149   12   3089   3   4508   6   8849   1   1378   9
15/04/2019   41993420   92836   9432   3   8678   5   1378   1   5732   3   5192   10   7107   5   1399   8
4/02/2017   81453124   65125   9728   11   3842   6   5732   2   2691   9   6073   1   7412   2   2817   1   7751   10   8826   12
12/12/2015   84816856   87117   3614   1   4847   5   8849   8   4173   12   2691   7   3509   8   8680   2
3/07/2015   41993420   55802   7828   12
1/01/2019   93050699   44723   7427   6   8678   9   1878   9   9432   5
28/12/2018   28584338   55802   5896   10   2691   12   2851   7   6876   11   1399   11   3509   9   8727   3
15/05/2015   42933640   66352   3089   10   1378   2   3940   11   8060   5   7649   12
14/11/2017   87450785   44552   5416   5   4776   12   7649   8   3593   11
2/08/2019   25588764   16637   7107   8   7751   10
21/04/2018   25588764   16637   1489   1   9201   4   8149   3   5732   11   5896   6   7339   10   3878   7   2582   6   7751   1   1716   5
3/12/2018   47669325   92027   8727   2   6972   8   9184   9   8678   8   8727   6   5526   1   2582   12   9634   12   3509   8
7/06/2018   87450785   65125   8727   4   6876   5   3680   3   5192   3
24/11/2018   26428128   23506   6429   8
25/09/2018   83444266   23927   7427   12   3878   7   7273   12   3509   9   7828   7   3940   6   1374   10   8546   2   3593   7   7107   7
8/03/2019   90646479   62937   2017   10
9/01/2019   93050699   72572   5192   6   5192   3   3509   1   7649   8   4776   3   2686   7
25/04/2016   41993420   87117   6531   5   2686   2   6073   4   5416   11   8149   11   9634   12
8/10/2016   84816856   92836   7427   9   8849   11   1878   9   6073   6   2017   6   6783   6   3698   7   8826   8   3724   1   8270   3
20/02/2016   76395044   11692   1374   9   5732   2   5739   6   8727   11   3593   6   6827   4   7427   6   2017   5   2659   5   9744   12
22/04/2017   76395044   31136   2659   9   8452   10   1378   12
21/05/2015   19718443   53432   5280   9   8727   4   1374   11   3509   5   3698   12   3984   7   4173   1   6876   3   3680   8   9565   7
27/09/2018   90646479   53432   2686   12
6/12/2018   85832662   58245   9184   1
25/03/2016   90646479   16637   5280   12   9341   2   6233   3   5280   3   4508   7   8062   2   4173   4
14/09/2016   70596834   44552   9078   8   5280   12
15/12/2015   33672603   53432   8826   11   5489   5   6876   11   8826   6
17/12/2018   83444266   16637   8826   5   2582   4   2817   5   7412   4   8060   2   7412   5   9728   4   2566   7   2315   4   3593   6
26/06/2016   16466814   92836   2017   1   4776   5   7751   3   1378   1   3842   12   6073   3   7339   11   1378   3   1965   4   8270   8
11/12/2018   79363317   31136   9184   10   4560   3   4776   1
13/03/2017   12711160   87117   6175   8   9201   3
16/11/2017   19718443   58245   4847   11
7/07/2018   68132454   31136   3878   5
29/04/2016   83444266   78990   6531   3   8060   10
5/06/2016   43856398   16637   6073   12   1378   9    6175   5   6827   1   9565   3   7649   1   4847   11   3842   4   2566   12
24/12/2017   63809153   78990   5732   12   8062   10   6681   11   5416   3   7751   7   6876   6   9201   11   5416   4   3307   4
3/12/2018   12711160   38655   1716   12   6972   8    1374   2   2566   6   3724   11   5739   9
11/03/2015   26428128   23927   7427   5   8678   12   7427   8   1878   3   6073   11   5739   4   5280   1
31/05/2017   26428128   87117   3984   4   3089   8    6408   2   9565   7
6/09/2019   83444266   11692   6233   8   6531   12    2315   12   5489   2   1716   6   8826   6   1878   5   4173   6   9078   2   3878   10
26/05/2018   68132454   92836   5526   9   9201   11   5526   11   1489   10   9744   3   5280   10   3593   3   2851   11   3307   8
26/05/2018   52638676   23927   4776   7   1374   2    9201   7   3680   10
17/12/2015   28609882   66352   4173   9   9634   10   9341   11   5896   12   1878   3   7828   7   7339   4
9/01/2018   47328780   58245   3878   9   8546   2     3698   6   4560   6   2566   5   7338   10   8849   11
16/05/2016   30829290   44195   2686   7   3698   6   2851   4   6827   7   9432   8   1716   6   1716   8   6429   6
16/03/2016   87432716   23506   2017   9   9184   2   6233   6   8270   2   5013   8   1489   7   9341   9   6531   11
29/01/2016   85832662   53432   6611   7   6531   9
11/12/2015   79363317   65125   5896   9   9201   6   8680   11   5416   3   3680   9   4847   8   5739   5   2691   3
30/03/2017   76395044   66352   2315   12   8826   2   7273   2   1965   6   6972   5   3984   6   8270   4   1716   11
24/11/2018   87450785   62937   7649   10   5013   11
13/08/2018   86893343   53432   2851   1   2691   9   3940   6   3509   5   9078   2   4776   10
12/08/2019   13064079   27026   4173   3   2582   8   7427   11   2017   6   2582   2   3878   11   1374   8
29/09/2017   70596834   44195   6972   10   8270   2   3878   11   6876   6   7339   6
13/05/2017   12711160   92027   6233   3   9744   11   8849   12   5416   2   8452   9   4508   3   8849   9   3543   7   6429   1
6/09/2019   12343641   38655   8826   10
19/10/2018   55060508   87117   6681   9   7649   6    5732   2   3543   9   3307   12   7338   9   3724   7   3698   10   7339   2
13/06/2018   19718443   27026   4173   12   4776   11   7339   1   6827   1   8215   7   6233   4   3089   6
4/06/2018   76395044   31136   1374   1   5489   5     4508   7   8546   11   6233   11   5489   1   3878   7
15/10/2016   12376811   16637   6408   9   7339   10   8826   11   5526   12   5526   1
18/02/2019   43856398   72572   2315   1   6876   1
19/09/2018   26428128   72572   5739   10   8727   2   9728   4   8680   1   3307   8   9184   5   3984   8
21/10/2017   47328780   66352   8270   4
23/08/2018   28609882   72572   4173   5   1878   8   1374   3   2659   3   5192   2   7107   7   1489   6   9432   6
12/04/2017   55943346   27026   2817   4   6233   9   2582   2   2686   2   1374   12
16/06/2018   47328780   65125   1378   1   1716   12   8062   8   6175   2
1/05/2019   45135095   44552   8680   6   6233   12    6175   6   1399   3
30/07/2019   84816856   12176   1399   3   5526   10   1399   12
19/02/2018   79363317   38655   8060   2   7412   11   6233   5   9184   7
30/10/2015   76395044   27026   3543   11   3680   5   4560   7   3878   3   2582   3   5192   5   2659   7   8546   3
6/10/2015   13064079   12176   3593   3   2566   4    9634   4
14/12/2016   86893343   53432   5526   7   3680   8   9728   11   7427   3
27/09/2017   90646479   58245   2659   2   1399   4   7751   4   8452   12   8727   2   9341   2   6681   2
12/05/2018   16466814   78990   9184   11   2017   7   2686   3   2566   1   9078   12   8060   1   9341   10   7828   3
4/02/2017   85832662   58245   9341   2
20/04/2016   80329046   23506   2315   7   9728   4   7107   3   8678   6   5013   1   9432   7   7338   5   2817   4   5732   12   9341   11
24/08/2018   52638676   44552   3680   9   9078   6   5416   2   5192   12   3878   2
30/04/2018   12343641   66352   6972   4
15/07/2016   25588764   65125   9078   11   2315   11   4173   2   3724   4   8826   5
17/11/2015   85832662   23927   2566   7   7338   6   9634   3
16/06/2016   55519410   11692   8849   8   9744   5   8678   7   2691   12   6972   2   9341   8
1/06/2018   60788041   23927   3698   3   2851   7   9565   9   2582   2   8678   12   8678   8   2686   1   8270   9
25/06/2018   16466814   87117   6531   2   8452   2   9432   1   5192   10   1399   3   5280   7   1374   9   2566   11   5416   7   8215   4
4/09/2017   52638676   11692   7427   11   7828   6   4508   9   7649   6
3/12/2015   45135095   92027   9184   7
13/06/2017   41993420   66352   9744   10   9565   10   9341   6   5739   11
8/09/2019   26428128   23506   7427   11   4776   9    5192   10
13/10/2016   93050699   23927   2017   10   5013   7   6972   1   2851   9   4847   4   4560   11   8727   9   6429   10   8452   2   1399   6
1/07/2017   85832662   58245   6681   9   5416   2    9341   12
23/01/2016   19718443   31136   2582   9   9184   6   4173   10   6531   7   7828   9   8680   4
5/02/2015   76395044   44552   6175   9   8149   8   2017   6   8727   10   2582   10   9432   9   8826   12   2659   6
23/08/2018   97761514   65125   3509   9   7339   5
16/10/2015   16466814   44195   8546   10   2582   1   5416   12   5739   2   9728   12   8215   5   9432   3   7339   10
28/10/2016   89930902   23506   3680   11   8680   12   5896   8   8060   11   2566   3
29/06/2019   68132454   92836   5896   5   9565   7   8727   9   7273   3   3842   4   8849   12
26/08/2017   45135095   27026   5739   12   4173   4
16/10/2018   24726227   58245   5416   9   2315   2   3698   3
23/05/2019   30829290   55802   9078   5   4173   2   9744   5
9/04/2016   25588764   62937   1878   11   5416   5   1399   10   7339   8   8149   1   7751   7
16/01/2017   13064079   87117   1716   6
21/05/2018   32464425   53432   3509   10   4847   8   5739   12   4776   7   3614   6   9432   7   4560   7   5416   6   5280   5
25/01/2015   52638676   31136   2017   3
12/12/2017   79363317   44552   1378   7
27/08/2016   76395044   44723   9432   7   2659   3   1878   7   1878   8   2017   5   3614   10   5192   11   6233   2
14/09/2015   45135095   27026   7412   8   7339   10
14/02/2019   24726227   23506   7107   8   2851   4   9565   12
6/07/2018   87450785   23927   3089   4   9728   2   3984   7   3509   6   2686   6   5489   5   9744   7   3680   4   1716   3   4508   5
3/12/2017   55943346   11692   3878   3   8215   3   5732   5   8149   6   7273   4   5013   8   8060   1   8727   3   3940   7   6972   1
29/06/2018   16466814   23506   3984   6
24/10/2018   52638676   87117   3842   3   8727   8   2817   1   3842   4   5739   6   2817   4   9432   12   8680   4   6972   8   5192   3
1/09/2017   43856398   62937   2691   6   3680   3   3614   12
10/02/2015   43856398   53432   2566   5   4508   1   9078   8   2817   2   1374   6   3680   2
22/03/2018   55060508   23927   9201   10   2686   4   9432   9   2566   4   5013   2   9728   2   2315   10   1878   3   3724   5   7751   10
6/02/2019   26100282   11692   8060   11   6531   10   6876   2   3984   8   3724   3
20/09/2015   12343641   44552   4173   10   9432   7   8727   10   8727   8   4776   12   6783   5
11/06/2017   32464425   72572   6429   8   2659   12   8149   7   1878   8   3509   2   5013   3   3842   4   5416   2
28/05/2016   63809153   53432   6827   1   6827   10   9744   8   3307   7   5013   5
8/02/2016   25588764   58245   3878   6   8452   12   2566   3   5192   2   4776   6   6429   2   6972   9   3089   3   7649   12   9201   2
21/09/2015   52638676   53432   7107   10   6611   8   8270   10   3724   1   8452   12   5896   6   9634   4   4847   9   4776   2
26/01/2018   97761514   27026   1878   6   2017   3   3509   11   3878   12
17/01/2019   70447516   23927   8826   1   2566   9   8727   8   5739   4   3614   5   8678   12
4/09/2019   84816856   78990   3940   5   3307   3   8060   2   1378   2   5416   1   5280   4
30/12/2016   16466814   38655   4847   7   1965   2   8849   11   2315   12   9565   12
6/03/2015   28584338   72572   2315   6   7412   5   2566   8   9432   5   6611   11   8678   4   1716   11
13/08/2018   42933640   16637   7751   9   6681   11   4776   10   7412   2   7412   2   7427   12   8678   10
6/09/2018   28584338   11692   4173   2   8060   12   3543   3   1965   3   3984   12   9728   6   6972   3
20/06/2017   55060508   55802   1878   7   4173   8   2582   11   2582   10   3509   8   2817   12   6073   4   3698   1   8680   2   1716   7
9/07/2019   83444266   65125    5526   2   5732   4   8062   7   2315   2   5526   3   6233   8
26/05/2019   47669325   58245   9184   11   5526   1   4847   4
16/10/2015   60788041   92027   1489   12   3543   10   1378   7   1399   1
9/03/2016   76395044   92027    5416   6   8727   1   7751   8   2851   9
28/09/2018   24726227   23927   4560   11   3509   9   7339   1   6681   8   7828   8   1378   9   5416   2   3614   2
22/07/2018   43856398   51984   6681   6   9432   5
20/08/2016   79252662   44552   2566   8
19/02/2019   12711160   12176   5739   12   2315   10   6531   10   2691   12   3878   4   6408   3
26/03/2019   33672603   23506   8062   10   8149   6   8678   12   6876   2   6611   1
18/06/2019   90646479   44723   5192   2
20/09/2019   30829290   23506   9432   9   2686   5   5489   1   4776   8   6827   3   6073   12   3509   9   7828   1   9744   8
6/04/2018   26100282   92027   5280   12   1965   1   9184   12   6681   1   7338   2   8215   3   1489   10   9634   11   5739   4
23/10/2018   24726227   44195   5489   9   3614   6   8678   1   7828   2   5416   1   6972   12
10/03/2019   79252662   92836   2315   2   4847   8
7/06/2015   85832662   51984   1489   4   9184   10   7339   3   3842   1   7338   6   6175   9   8678   7
9/01/2018   12711160   78990   7751   7   2691   8
6/01/2016   76395044   55802   8826   11   7107   11   1489   6   4173   5   1378   2   7828   2
4/08/2016   42933640   44195   7338   1   3593   12   8546   4   5526   8   7339   2   9634   9
11/12/2015   42933640   44552   1716   7
3/10/2018   76395044   23506   8849   3   2582   3   7273   1   9201   12   3543   11   2691   6   5732   6   8060   5   6175   11   5526   4
22/08/2019   87432716   53432   8678   8   8452   5
6/02/2016   68132454   62937   3089   7
5/10/2018   79252662   27026   1374   4   9634   7   7107   6   6783   4   8452   11   7412   1   3593   8   6429   3   3543   1
31/01/2017   87450785   38655   1399   4   6876   2   8270   7   8680   2   7338   2   9341   1   2315   1
28/02/2015   55943346   16637   1489   3   6408   4   6408   1   1878   7
30/01/2019   83444266   38655   7107   10   8215   10   3842   6   8678   7   5489   6
15/12/2016   45135095   38655   5489   10   9201   10   3089   4   2315   5   8270   2   3680   2   9634   9   9744   2
13/02/2016   55519410   92027   6233   1   3878   9   5013   6
4/06/2017   41993420   72572   9744   4   2566   11   7412   5   3307   6
5/05/2019   30829290   72572   3089   6   8849   8
5/01/2017   79252662   66352   8680   7   8849   8   8727   5   1489   12   9341   5   8727   3   9184   4   1374   11   6827   7
27/04/2016   68132454   44723   1399   9
26/05/2017   93050699   38655   2017   6
19/05/2015   52638676   23506   6681   12   5416   5   5739   11
25/12/2018   43856398   66352   9432   2   2582   5   7649   7   9341   12   6531   1
21/03/2018   13064079   11692   7412   8   6611   6   1374   11   2315   7   5896   12   2686   9   4508   6   6611   3   5489   9
21/09/2019   79252662   12176   7427   7   8062   3   9432   12
6/01/2018   12711160   92027   7649   12   5739   8   9728   11   2582   12   5416   12   7338   7   8270   6   5739   9
16/08/2019   41993420   16637   8826   8   1716   5   6827   3   3698   3
11/05/2018   89930902   92027   8270   2
11/04/2016   33672603   44552   6611   12   6681   6
14/07/2018   55519410   23927   3509   12   9184   4   8215   6   9184   6   8546   3
18/04/2017   12376811   62937   8060   3
25/11/2015   79363317   58245   4560   6
11/07/2019   25588764   44195   3842   2
13/06/2016   32464425   38655   4776   11   5739   6   4847   2   5013   3   7273   4   9744   8   9201   10   3724   5
16/06/2018   26100282   44723   9341   1   9201   10   6611   2   3089   3
26/07/2015   90646479   92836   2017   4   8060   7   7273   9   8060   2   4173   12   7107   4   1716   7
26/10/2018   13064079   92836   7338   8   5739   4   7107   5   9432   8   4560   10   6876   3   8727   10   3842   12   8680   9
2/08/2015   26428128   92836   2315   5   9432   5    8215   8   8727   11   1489   6
22/03/2015   80329046   92027   7273   1   5739   11   3698   8   4173   5   5192   8   8546   8
5/04/2017   43856398   72572   1374   8   8826   11   1716   12   6681   12   6408   2   3307   5   8678   9   4508   11   3509   11
21/02/2018   52638676   23506   9201   10   8678   5   9201   11   9744   3   1374   9   9634   4   1878   8   5280   10   3698   11   3698   10
10/08/2017   28584338   72572   6531   6   5489   7   7273   6   8270   4    6827   3    6408   9   3878   9   3724   3   4776   6
11/07/2015   45135095   92836   3842   7   2817   2   9744   11   8826   12   3724   7   6408   8   1878   7   2659   7   8826   7
15/11/2016   79363317   92027   2659   11   5739   5   3842   9   3984   8   7412   1   8680   4   5013   10   5732   12   4173   11
31/01/2017   33672603   16637   9565   8   7427   4   2659   5   8270   2    7649   8   5013   4   7828   4    9744   7   8060   1
15/09/2016   93050699   12176   3680   4   7427   10   3307   1   7273   9   5489   9   7427   3   7273   11   6408   8   1716   11
11/02/2015   80329046   72572   9078   9   6876   9
27/03/2015   41993420   92027   1878   6   9432   5   6611   12   6408   11   8062   4   3940   10   3842   7   9201   3
20/12/2017   70447516   92836   9744   7   5739   2   8546   9    1489   3
15/06/2018   79252662   92027   8452   7   6972   7
21/07/2016   45135095   53432   2315   12   6429   4   4173   12   4847   6
17/02/2015   28609882   27026   5739   2   3593   5    7828   2    9432   3   7427   3   5739   1   7107   12   8826   5   3614   5   7338   5
17/06/2019   83444266   51984   2817   5   5489   6   9184   12   1878   5   8680   1    7828   10   2315   3   8270   12
26/12/2016   68132454   65125   4508   4   7751   6   3680   12   8680   8
18/11/2016   84816856   27026   1399   7   7273   8   5192   2   8270   6
24/02/2016   12376811   23506   3842   11   5013   7   3940   3   4560   4   7412   1   5489   7   4847   10   9201   9
18/11/2016   30829290   66352   8826   9   8215   11   3680   8   8727   8   1878   1   7427   5   9341   1   7412   2   6972   5
17/03/2017   70596834   27026   8849   6   7751   1   6681   5   5896   9    8060   4   4776   7   3543   10
29/01/2017   52638676   31136   1716   6   6429   1   3878   4   4560   5    1965   7   4776   8
16/07/2019   45135095   51984   3680   6    2582   4
10/08/2016   70447516   12176   2817   11   9341   1   8149   8   9078   2   1399   2   7412   3   3698   1   6611   5
9/12/2015   26428128   65125   6681   11   1378   9
9/01/2015   63809153   31136   8678   8
27/09/2018   33672603   78990   5416   10
31/08/2017   79363317   72572   8452   5
17/06/2016   84816856   23506   2691   12   6233   2   9634   2   9078   3   7339   3
25/08/2019   63809153   44723   9728   5    6408   3   2315   9
15/04/2017   60788041   58245   2017   5
16/01/2015   52638676   44195   7338   1   6233   10   8678   3   4776   10   2017   1   8826   2   4560   1   8452   1
12/02/2017   12343641   92027   8727   1
23/08/2017   76395044   12176   2582   11   1965   11   2315   9   8062   7   1489   11
5/04/2015   33672603   23927   9432   4   8727   7     6611   4    5416   9    2851   9   6408   1   4776   10   7412   9
9/09/2018   83444266   78990   3878   10   5192   10   8546   11   6531   5   5732   10
25/12/2018   32464425   16637   8546   10   7339   6   1716   4   2686   1   7751   3   2686   2
29/03/2016   86893343   87117   8060   9   7339   6   6073   4   7107   9
5/11/2018   76395044   58245   2315   7   6531   2    1489   2   7427   1   6408   2   6827   5   2851   10   9341   9   3878   6
6/05/2016   12711160   44552   6827   8
19/07/2017   25588764   55802   2582   10   6408   4   8680   7   6073   8   9184   8   5013   11   7107   3   9078   11
12/08/2015   13064079   38655   8826   5
16/03/2018   16466814   66352   6175   4   4173   7
16/03/2016   16466814   58245   2817   10   8215   2   8060   3   1399   6   1399   8   3940   4   5013   12   7649   1
1/02/2015   85832662   44552   8546   1   7339   6    1374   11    3724   2   3842   3   1965   1   8678   3   5896   11   3698   6
22/07/2017   41993420   31136   1378   3   8270   3   3698   6   6783   11   7649   6   7427   1   2817   10   6175   1   7338   11
29/08/2019   12376811   12176   9432   4   7649   5   8060   5   2686   8   3940   6
30/10/2017   87450785   65125   9201   4   2582   8   8149   1
15/08/2016   12711160   11692   4173   10   4776   9
23/05/2019   86893343   92836   3089   11   1878   4   8546   11   1374   10   9432   11   2659   12   8060   4   6408   6   6681   12
6/07/2016   32464425   11692   6408   6
25/01/2015   83444266   16637   9184   3   2817   10   8060   8   7107   8   9432   5   3878   4   3878   8
9/07/2019   55943346   51984   3307   6   3680   1
29/08/2019   87450785   92027   8062   8   1399   11   3842   3    8678   8    8060   1    9432   2   4776   1   6876   1   1716   2
29/04/2019   55060508   51984   2566   11   9201   6   6681   11   6408   11   6175   11   6827   11   8680   7
25/08/2016   43856398   92027   5896   8   6611   5   5416   3    9078   5   6876   1   1378   3   7751   11   5013   1   7828   8
6/05/2018   12376811   31136   9728   7   3940   8   9634   3     2686   2   3307   1   2817   2   9432   2   5192   4
31/01/2019   86893343   55802   6827   4   1374   3   9565   12   7412   1   8149   6   3984   8   4173   9   6783   2   6531   6
24/10/2017   43856398   51984   8215   11   9744   4   6681   12   5280   12   8270   9
16/05/2017   68132454   62937   6972   8
30/10/2018   18318259   53432   5013   9   6827   11   6073   4   2691   3
26/04/2017   97761514   27026   6972   3   7273   11   2817   7   5526   12   5526   4   3593   1
23/05/2016   43856398   65125   2315   6   8215   11
27/08/2015   93050699   38655   3724   8   5489   4   3680   6
21/02/2018   83444266   23927   8678   12
6/02/2019   32464425   23506   3984   12   2817   1   9744   8   7828   12   6972   7   5416   4
10/05/2015   85832662   92027   6972   6   8062   3   8849   8
17/08/2018   24726227   87117   4173   2   2566   7   3878   10   6972   3   2851   1   6531   9   2851   11   8826   8   8062   11   5526   3
15/01/2015   33672603   23927   7338   5   3842   3   3089   8   3543   9   1878   2   7273   7
4/06/2019   89930902   72572   3089   6   5732   7   2582   10   6073   5   6783   1   7427   12   8678   9
17/02/2018   70447516   44552   5526   7   6972   8   7649   2   6531   12   7338   7   5526   3   8680   12   6531   1
27/03/2017   12711160   65125   3089   2   6531   10   9184   11   7649   11   3940   11   5280   10   6972   7
13/04/2019   18318259   11692   2686   9   4173   1   3614   9   7751   11
22/04/2016   28584338   51984   6783   9   8727   2   2851   2
31/07/2019   79252662   12176   6827   6   9184   3   2817   9   1878   2   8849   1   3614   9   1716   1
29/06/2016   41993420   62937   6531   2   2817   8   5416   12   9341   4
22/06/2019   68132454   44552   2851   2   8215   8   6408   9   6611   1   6876   8   9634   4   7339   4
22/11/2015   87450785   44552   7427   12   6175   3   4776   12   7828   8   2817   7   8452   8   6876   9   2566   4   6073   12   8826   11
6/08/2017   79252662   38655   6681   5   7339   1   7338   6   7412   6   9184   8   3543   6   1378   9
27/01/2015   55060508   72572   3724   11   9728   7   9634   11   6972   12   6429   11
21/02/2019   41993420   66352   3307   10   3878   5   4173   5   5739   5   8546   4   7273   6
19/12/2018   76395044   23927   6531   9   6972   1
24/02/2018   25588764   51984   8215   1   7751   1   2817   7   6876   10   7107   3   3724   7   7751   2   9341   2
22/04/2015   83444266   31136   3940   7   9744   11   1878   3
19/03/2015   47328780   65125   2017   9   5896   12   6233   2   9341   1   6233   12
3/02/2016   18318259   11692   6827   12   1378   6
10/10/2016   25588764   51984   2017   5   7338   10   8849   2   1716   11   3724   7   9341   1
27/11/2017   42933640   92027   7751   8   6876   9   9078   1   5896   2   2817   4   5526   8
26/04/2018   32464425   44552   2566   3
10/01/2019   52638676   51984   6681   3   7427   11
3/10/2015   26428128   51984   5526   2   1378   8   7338   3   5526   4   2851   12   6827   5   7649   6
1/06/2015   52638676   38655   8062   5   3509   2   9432   12   5896   9   7649   3   4173   2   6681   1   1489   4   7412   1   3593   2
24/06/2019   90646479   31136   9078   11   9744   6   3724   12
3/01/2016   70596834   65125   2691   4   2691   12   1374   8   3878   9   3698   11   2582   12
