861    377
247    436
858    778
978    169
413    456
594    434
855    207
292    553
750    186
908    147
883    491
522    758
699    316
291    204
589    519
458    324
989    329
227    380
995    104
328    222
364    140
599    303
231    427
458    702
245    433
830    457
396    496
754    573
470    469
465    212
498    674
140    255
759    349
133    435
840    305
844    650
586    558
273    425
674    589
133    761
409    474
765    417
351    528
967    759
708    380
347    475
804    736
147    275
687    72
447    375
689    424
788    268
213    430
485    15
979    212
288    471
273    114
558    80
594    703
271    404
237    477
413    130
755    602
216    483
592    23
699    517
742    382
424    474
320    188
320    607
351    511
558    239
978    475
610    466
755    768
458    116
170    487
741    228
216    246
689    472
884    64
669    788
400    148
417    425
424    598
669    693
635    263
698    168
470    726
685    409
133    336
335    326
574    411
666    738
522    593
247    570
233    297
597    16
498    470
967    460
279    573
358    263
983    340
674    431
395    292
450    246
945    69
788    63
967    768
351    451
499    297
594    789
731    433
556    38
400    394
890    605
522    737
743    450
110    43
968    597
611    338
481    137
213    123
672    80
832    16
415    791
417    687
861    338
755    706
540    458
185    153
586    734
166    21
312    568
802    575
624    166
337    671
279    487
190    478
271    233
674    235
509    35
124    315
417    377
132    44
320    410
699    480
303    737
400    387
844    365
387    470
666    534
347    181
140    69
290    196
432    455
831    445
906    314
382    235
653    30
698    469
227    670
103    657
481    472
345    711
590    591
215    23
589    164
732    46
685    143
780    224
450    90
320    397
979    54
280    96
610    380
312    632
216    645
814    378
831    492
365    89
284    501
413    443
500    306
381    438
145    462
252    406
458    767
500    108
666    784
574    333
552    504
527    268
417    243
409    763
967    761
811    522
989    752
418    479
754    492
252    459
893    69
802    757
713    313
968    111
765    125
387    659
687    279
986    493
447    640
705    322
252    521
844    490
815    144
245    306
627    339
922    554
669    731
415    768
303    717
989    735
213    369
611    407
418    481
755    328
908    434
962    280
522    464
247    544
989    646
989    415
733    354
133    248
396    689
611    780
383    683
549    482
986    632
345    566
345    158
322    199
572    238
404    552
187    211
802    409
627    108
216    529
170    667
689    760
589    625
686    26
335    446
288    592
755    565
263    369
497    120
322    387
590    341
586    358
660    289
783    338
819    54
296    24
791    796
182    31
497    464
470    186
576    212
983    364
972    51
231    663
586    430
288    742
665    193
983    113
743    584
383    501
175    135
576    77
127    30
624    333
531    107
103    409
592    296
381    523
224    451
124    328
252    186
815    587
747    165
611    240
481    468
303    773
317    430
573    487
351    418
493    232
574    580
765    581
415    710
190    403
224    177
731    775
699    410
382    94
263    148
346    46
890    793
383    430
451    94
184    532
279    310
224    594
890    722
590    485
858    591
599    137
591    420
415    228
317    433
458    528
133    712
498    566
800    146
481    359
303    421
715    678
540    319
409    796
424    702
708    330
237    357
288    249
205    464
811    453
278    224
713    170
133    730
303    646
924    232
125    48
451    205
414    215
840    473
103    479
924    64
750    434
589    451
910    74
447    489
133    545
861    134
665    334
549    171
176    572
699    682
958    565
804    461
922    750
274    372
279    712
413    454
659    663
470    378
409    737
819    221
175    403
301    178
831    715
292    449
358    44
251    282
958    761
418    606
589    399
247    175
345    652
765    310
947    94
227    491
594    642
316    345
743    305
802    351
552    371
919    452
470    630
945    214
755    445
304    373
922    776
485    223
610    363
522    290
549    321
665    313
659    407
381    691
686    271
499    11
611    534
830    315
669    482
791    705
133    466
574    616
627    457
304    351
709    407
216    749
978    344
259    282
743    199
190    142
313    660
237    443
552    405
216    363
290    351
278    63
844    658
124    179
669    267
332    149
231    311
894    71
958    251
271    787
317    753
890    778
103    570
669    363
611    755
754    432
432    491
415    612
743    587
237    449
791    423
669    499
317    320
855    56
674    772
910    229
185    311
332    366
381    768
312    401
589    670
815    491
540    685
754    700
627    506
652    80
689    655
313    449
185    565
383    619
549    466
919    489
256    285
145    308
685    340
364    448
145    778
831    196
958    758
591    428
394    428
284    686
292    792
185    460
967    521
364    387
409    613
271    505
857    292
552    424
574    172
800    462
709    790
133    642
689    327
958    675
447    571
182    379
731    540
883    381
317    573
381    206
669    706
271    736
844    130
765    590
755    795
800    746
989    797
664    716
858    791
387    696
552    121
804    536
594    571
831    638
989    286
750    639
664    648
989    705
802    134
674    401
840    759
715    426
916    238
802    633
552    780
312    337
313    605
455    110
522    686
447    163
958    424
715    784
840    273
862    261
858    484
840    720
560    43
743    474
216    405
175    546
713    439
353    56
292    727
304    457
897    77
396    659
986    489
894    268
415    321
227    457
367    391
919    680
301    490
742    492
263    368
367    24
659    323
381    420
396    186
337    576
469    19
698    565
252    678
205    404
840    473
394    640
345    465
890    418
279    419
317    273
288    649
224    603
713    405
804    470
986    370
170    585
755    718
831    549
110    265
184    694
507    228
387    575
666    330
666    715
624    463
599    416
783    369
404    165
346    259
747    452
416    215
890    493
408    40
594    745
685    461
553    217
986    263
247    488
418    562
205    557
591    366
664    445
962    74
684    313
804    733
759    61
145    182
428    201
205    330
387    315
742    430
967    722
611    421
857    46
497    340
500    402
365    258
909    10
301    354
906    105
522    460
814    56
573    331
586    484
611    768
273    662
137    259
322    460
698    302
527    91
417    727
279    229
500    346
553    36
500    472
922    154
882    12
185    562
800    350
742    538
791    658
715    236
394    451
292    185
747    490
762    79
716    98
659    541
432    107
858    749
115    246
284    480
332    536
765    485
597    225
347    340
317    784
417    410
404    398
279    793
332    509
754    320
556    274
995    381
531    384
685    534
404    428
288    353
831    349
184    416
274    364
414    12
673    291
417    746
137    18
540    145
804    736
594    307
586    714
560    220
922    349
978    334
231    139
586    742
674    782
968    325
345    484
470    619
271    661
754    697
815    693
883    139
731    359
858    321
498    792
666    207
317    796
337    181
919    583
709    605
458    491
288    490
800    730
731    215
394    307
145    477
288    788
332    408
509    269
313    473
666    484
986    736
224    499
417    731
458    717
252    666
166    298
416    92
328    38
849    348
298    34
573    336
783    110
417    703
689    529
481    367
666    615
383    196
381    349
750    562
259    48
292    670
909    216
893    338
175    300
145    679
791    358
320    483
715    554
184    485
811    180
364    673
611    695
627    682
317    706
674    323
103    749
304    100
303    715
184    337
279    676
747    301
586    668
381    765
322    362
132    289
383    340
383    423
840    534
729    75
273    380
698    470
400    400
313    366
741    48
958    733
858    287
947    205
883    478
653    273
291    55
791    271
967    744
589    492
176    484
394    135
190    500
967    288
205    664
786    68
590    412
394    658
800    577
832    231
147    21
780    17
747    404
906    352
387    445
750    349
908    310
415    463
967    495
573    401
252    353
251    58
237    130
715    440
507    80
470    557
986    725
424    142
922    405
591    565
271    401
709    759
224    397
103    335
292    795
804    659
664    325
190    540
802    417
273    504
227    142
811    576
659    183
703    66
455    303
498    440
271    715
301    429
498    102
351    359
916    72
786    360
666    734
804    157
216    723
811    489
791    591
284    301
396    459
216    784
352    207
231    578
144    32
732    236
498    368
725    32
364    624
709    278
332    423
215    281
303    297
245    433
731    466
127    242
345    351
247    380
418    646
313    174
831    639
549    432
522    712
713    334
709    464
428    22
312    463
908    311
103    602
145    522
540    516
783    463
540    668
755    296
351    107
256    52
303    477
470    483
589    751
664    475
145    671
919    391
216    713
231    412
591    147
185    422
573    128
715    368
347    432
396    338
672    241
882    261
791    405
233    13
972    202
424    318
290    344
170    301
844    418
418    155
303    317
298    259
755    439
862    75
409    251
417    579
591    552
967    658
635    70
312    188
715    742
968    400
750    646
750    799
394    579
599    581
245    570
742    693
725    364
190    317
890    348
849    43
465    55
415    726
273    746
599    478
458    461
310    249
364    488
890    784
699    674
627    495
170    144
733    55
698    516
224    669
840    634
897    206
335    310
883    319
540    400
716    202
861    446
279    750
317    641
170    440
689    609
919    612
673    87
703    200
729    331
958    388
404    475
273    653
922    643
409    332
187    49
144    294
337    308
353    281
273    470
762    222
404    674
800    722
586    249
296    220
335    113
310    50
313    580
802    641
395    77
989    599
830    371
552    676
750    461
552    671
989    736
409    573
709    561
292    467
404    690
184    780
227    538
804    356
594    490
347    452
125    368
301    431
400    468
176    345
669    540
316    19
728    280
175    443
227    633
590    163
986    585
599    531
284    653
387    187
455    387
288    785
830    135
665    485
666    484
352    55
890    592
800    456
284    715
815    332
497    303
754    122
364    599
418    365
176    538
396    589
922    421
731    790
279    765
279    775
409    460
659    467
709    398
574    438
292    359
381    722
705    58
708    183
800    697
205    131
590    482
176    402
415    563
664    294
699    108
320    522
184    608
115    71
103    108
424    683
624    379
755    761
322    429
967    373
674    755
274    143
754    613
424    449
815    461
689    133
271    360
337    436
995    348
176    188
731    716
469    237
884    261
811    305
381    783
447    465
493    77
458    657
213    359
708    447
284    141
610    130
685    555
504    41
408    234
498    668
611    712
594    780
504    219
986    739
664    585
245    195
280    292
731    619
432    479
345    617
995    469
290    410
989    444
337    465
531    353
175    552
664    795
791    715
684    35
858    671
664    788
958    473
284    455
674    696
313    762
709    703
844    546
424    753
522    363
968    417
919    122
274    409
572    68
742    129
594    285
317    783
652    216
858    447
381    755
660    45
890    216
303    516
413    374
184    154
337    695
432    362
840    781
728    14
216    778
415    472
245    486
497    449
715    754
290    489
968    680
659    698
