47822069   980293292   5   7
84075149   977657109   1  10
67939580   974128007   1   6
66255306   988295279   5   6
57256326   999213867   0   5
98705774   987355306   2   1
68768941   989448083   4   7
96638655   969641166   4   8
57029799   983867245   2   6
88705895   992457332   5   6
07714046   991446263   2   5
08225942   988404608   0   9
95531943   974289083   4   1
74780947   964296413   5   7
31977574   987267350   0   2
46622558   994722416   4   1
15980157   973964381   1   2
08903592   981895370   5   6
04946996   978663197   5   9
15163198   965579113   1   3
31500337   982140880   5   2
77200091   972882332   2  10
48133314   961814373   2   6
59341020   998451840   1   7
19220491   990745313   3   9
27673352   978165468   1   5
42025788   981593662   3   1
30532625   979971604   5   1
13111562   975221650   5   4
96927966   992314694   4   5
55346146   989177594   0   7
19916252   976181241   5  10
22467464   994171198   5   7
79049997   987281673   5  10
89132437   973349529   5   7
02476247   973177234   2   2
99070159   968895184   4   8
44685024   981765870   2   3
89472796   986523887   5   2
04760029   965066298   0   9
06028547   975129292   1   3
26393670   987723196   5   5
28290283   972086984   3   4
11354327   970043354   2   7
14913634   985330047   2   6
91526427   977200218   4   9
85058435   984099177   3   6
65505138   986033852   2   3
08303157   969849533   2   7
61675596   969883888   3   6
35947273   969818477   4  10
75085775   982809604   2   4
80418289   980132719   3   8
92642376   996855041   5   2
54480484   961794023   3   3
92902814   996499144   2   1
71849097   977021825   0   7
50334178   999424532   2   6
18704770   967442842   0   1
74576424   968927193   5  10
22426315   963618659   0   3
95476007   994461871   0   3
43747517   979266668   0   4
24378525   988414108   3   5
42228533   975132652   3   7
79451674   964122161   0   5
38770607   997722338   4  10
17417928   988709287   2   3
68371279   964562747   0   1
47342704   995385862   0   5
86428034   966013138   4  10
93553771   991754285   4   2
28590120   992195429   4  10
60014225   991015984   2   5
11469229   963025747   4   4
66555978   983165733   5   7
28513247   981945340   0  10
93985675   984718365   1   9
56159201   987240881   5   5
10208631   988553274   2  10
71492177   996065145   1   6
48696892   990853875   3   9
44506944   997341677   3   1
49735945   967404761   1   2
62976888   983301086   2   2
77311203   996012502   2   7
97130557   990604003   1   5
63841142   961301650   5   5
11947883   962953467   1   2
11974336   969238062   4   6
87858081   977887602   1   2
42415419   999311087   3   9
86731757   967374412   2   5
49111670   999375150   1   1
79137502   989014110   1   1
65998331   985282246   0   6
88635823   991930100   4   1
25228481   970831827   1   4
95047092   979895550   0   9
12369564   961704117   4   8
68267720   987987704   5   4
63239985   984693054   0   8
84221415   997486027   2   9
18223725   974442995   2  10
75798544   995559969   1   4
15542096   981199369   0   2
17144383   982686037   4   8
77024511   986067394   4  10
76735000   994990365   0   4
14053230   981913954   2   8
20425185   998354121   5  10
99575923   971982119   1   3
12397471   995854563   2  10
03626941   995355058   4   2
54203357   974598213   4   4
63600826   988977903   2   8
33902661   965594025   1   3
45984006   962583396   2   8
84350882   981172641   2   3
55066241   977720545   4   4
06562634   986633340   2   7
80719983   969176459   5   9
86297559   972497906   0   8
51114233   974721454   1   5
16138351   987149844   2  10
39123619   989463570   4   2
88590924   973653407   5   4
45453737   987696393   4  10
26252300   976411200   3   6
94821119   982728847   5   7
75511683   974112447   4   2
75718822   975034477   1   8
96559614   991832119   4   1
86506599   987650337   3   4
67919126   983772203   5   9
85965277   994645804   2   5
27431042   974624582   0   1
57371084   982467949   3  10
66522050   969760828   1   7
11352261   981173846   2  10
51264753   983243554   3   9
10782227   975937936   1   2
63711323   967815013   4   7
65318958   981286505   0   5
72195023   963839190   1   5
69374447   988019202   3   7
31666193   974847804   4   9
83799243   986553627   1  10
85612828   997893535   2   7
49531702   999467901   5   6
20510530   986297423   4   7
94518616   961223786   2   5
63891496   972594163   0   4
91474829   971186699   5   7
49680407   991981052   5   7
48867224   970351484   4   6
56383989   991594381   2   8
85681790   997698797   3   8
65584935   999993515   3   8
61077874   995352413   1  10
26439283   987955256   1   6
68280264   967546995   1   2
08344848   994281734   3   2
62315257   991364012   4   7
56124856   997289230   2   2
65164349   991052601   0   6
80639368   974893628   2   3
53076426   992631160   0  10
58018693   970164869   5   9
93072747   972290684   4   4
06570980   983300215   2   4
40227097   967847216   4   9
77081320   993517559   2   5
14785540   997043353   0   8
85326242   986682434   4   8
49899576   993459701   5   2
34456814   983845673   0   9
81720075   990016459   2   2
12308689   972423768   4   3
12308521   965108224   3   1
89183490   976073831   2   2
95722113   962443321   2   2
23333243   964916765   3   7
83631892   965189259   1   3
10664281   984704211   4  10
62435517   996078590   1   9
92938418   964365140   2   6
38798567   961978305   5   5
93446703   996898253   5   4
06701281   977575041   4   5
97884378   976741628   4   6
86743084   978296755   2   5
07136742   994121003   3   5
54796362   974605263   4   5
93054953   975746183   5   9
59838347   976884310   1   5
11892496   973289873   3   8
49479398   990438043   2  10
04252712   968691246   0   5
29655626   965881347   2   3
44593782   987958674   2   1
19474587   985928188   3   9
66229588   972681412   1  10
60349134   995066154   5   7
32754869   992664867   0   9
05566268   999081046   4   1
60143661   983265007   0   6
59842803   999368429   3   6
97781662   982951014   0   6
73456108   973001237   4   9
53170244   968122194   5  10
12428998   984433354   1   7
46068238   966169941   5   7
41351511   988568266   3   8
85937565   987876684   5   2
02008326   994066950   2   3
80262752   978730397   0   9
71048203   986908468   4  10
31842830   997107276   1   7
70492219   977314853   2   3
03740567   974549600   1   9
99082521   991873677   4   5
55306339   963675773   2   8
21295959   998028727   2   2
12257827   975567828   4   5
51433999   991777954   0   7
57034536   965408846   1   3
65084197   985815268   0   1
71740558   998590263   1   9
80964189   977775328   0   6
44880750   991195534   5   2
71482974   976372951   3   3
02141715   966300876   4   7
42464105   963670431   2   3
97390328   971026919   5   3
45514602   998998739   5   3
15962411   963326878   5   6
85602417   988900153   1   7
31080667   998685823   1   2
84901463   971421533   2   2
66970427   977171486   0   6
48413522   963423910   3   2
87254399   978894924   0   3
70438062   963766925   2   1
80150207   972436538   4   1
28157801   975102143   2   6
94842447   982250311   2   2
98348415   998350628   0   5
17595124   995979053   0   7
18113402   978311015   2   7
29119476   990023937   3   9
02515420   991456476   5   6
83004176   970006488   0   1
51000956   999931328   0   5
05237912   961860715   5   1
05287782   989692675   2  10
41022826   970827907   3   9
68318132   984355712   3   6
09563017   984019938   5   6
09297834   977365280   2   9
60456308   963506604   0   7
63098995   997589218   4   4
16815343   963000325   1   2
18290658   963468905   1   3
97374344   979072786   0   5
63704980   985752427   3   3
