85058435   7
57029799   10
45514602   6
20510530   6
62315257   5
40227097   1
68318132   7
87858081   8
31500337   6
80639368   6
02476247   5
19474587   9
11352261   1
99070159   7
09563017   2
04946996   1
12428998   2
54796362   6
43747517   9
38798567   3
97374344   2
44506944   10
19220491   6
18290658   7
76735000   9
20425185   5
49735945   1
85937565   1
83799243   4
80262752   5
14053230   7
08903592   10
75085775   7
65318958   10
26439283   7
03740567   2
84221415   8
26393670   3
41351511   2
12397471   9
60456308   3
79451674   5
18704770   4
63891496   7
71849097   6
65084197   9
12308521   6
39123619   3
93072747   7
16815343   6
85326242   10
94842447   4
26252300   8
03626941   2
31842830   3
71740558   1
71482974   7
14913634   6
65584935   1
10664281   10
22467464   3
58018693   3
48133314   4
96927966   5
74780947   7
65505138   5
38770607   10
80418289   3
86297559   1
28513247   5
63098995   10
55066241   2
86731757   10
47342704   5
66970427   4
80964189   7
04252712   10
92642376   9
55306339   5
46622558   10
57256326   6
59341020   9
05566268   1
17144383   2
05287782   2
27431042   7
75798544   5
09297834   5
86428034   2
83631892   6
96559614   2
47822069   9
48413522   5
85602417   1
02141715   1
55346146   6
15163198   1
45984006   4
72195023   9
84901463   8
44593782   4
44880750   8
51264753   9
70492219   10
60143661   4
89472796   2
88590924   8
41022826   10
80719983   4
08344848   8
56383989   10
02008326   3
11947883   10
97390328   2
66229588   4
94821119   8
63711323   3
42464105   8
56124856   3
74576424   4
79137502   7
71048203   9
54480484   8
12369564   5
27673352   10
93054953   2
06028547   4
11974336   10
89183490   6
53076426   7
65998331   2
34456814   8
89132437   1
98705774   4
80150207   9
28590120   5
46068238   1
95531943   10
92902814   7
59838347   10
12308689   9
17417928   2
92938418   7
24378525   5
18113402   5
96638655   7
60014225   9
50334178   10
57034536   7
19916252   6
49479398   7
88705895   5
66255306   4
60349134   7
62976888   7
31977574   6
13111562   8
49899576   8
14785540   8
07136742   10
85965277   6
63600826   2
68267720   2
73456108   7
91474829   2
51433999   6
21295959   3
95476007   10
29119476   9
35947273   4
49680407   4
86506599   9
45453737   5
42415419   8
61077874   8
93985675   2
06701281   9
15542096   2
65164349   3
11469229   1
33902661   2
06570980   2
15962411   7
51000956   3
97130557   10
57371084   9
63704980   6
48696892   5
42025788   4
95722113   5
68371279   6
15980157   5
93446703   5
02515420   5
68280264   9
51114233   5
71492177   8
84075149   10
99082521   5
28157801   3
11892496   1
94518616   9
11354327   10
99575923   7
75511683   9
86743084   1
69374447   6
81720075   6
75718822   6
08225942   9
84350882   10
63841142   7
28290283   7
97781662   8
95047092   2
83004176   3
31080667   9
29655626   10
61675596   7
12257827   3
70438062   9
22426315   5
05237912   8
06562634   2
25228481   5
48867224   7
10208631   3
42228533   1
54203357   9
56159201   6
97884378   2
88635823   3
32754869   7
66555978   3
63239985   3
98348415   3
85612828   6
31666193   7
49531702   2
85681790   2
44685024   6
23333243   2
59842803   3
07714046   1
17595124   1
77311203   6
87254399   2
66522050   5
30532625   7
04760029   7
18223725   9
53170244   6
93553771   1
68768941   5
77081320   1
67939580   10
62435517   9
10782227   6
77024511   6
77200091   9
79049997   7
91526427   4
49111670   2
67919126   3
16138351   5
08303157   3
