1.78   9.11   3.5   8.87   7.612   6.49   8.3   2.17   10.52   1.19
   11   3.33   11.56   6.52   14.73   5.73   16.052   7.99
  17.53   8.69   19.05   11.31   24.17     12.01
   24.76   9.65   25.27   7.45   26.57   4.99   28.31   15.91   29.79   14.93
   31.19   10.25   34.55   8.65
 36.71   5.97   39.01   8.43   42.25   4.81   44.31   11.56   47.51   9.55   49.89   10.55   51.51   12.55
   53.73   14.99   55.95   17.33   59.56   3.33   63.7   6.73   71.67   8.15
   75.65   10.31   81.07   11.17   85.15   12.33   89.98   5.55   94.33   9.55   99.37   7.09   103.71   14.73   107.53   10.59
   111.71   13.25   115.12   15.81
   119.47   12.22   125.71   11.89   132.35   11.01   137.55   9.07   145.15   7.99
