8595   2015   2318   114.5   7
6399   2017   1222   95   21.25
4672   2019   2456   86   21
6513   2016   2456   107.25   14.5
1953   2018   1222   81.25   18.25
7618   2018   2318   71.25   19.25
1211   2017   2456   107.25
8483   2016   1052   110   16.25
7825   2016   2456   100
4995   2017   1052   114.5   18.5
9071   2014   2456   105.5   19.25
6107   2019   1222   79   22.25
6804   2016   2456   111.5
3376   2014   2456   95.25   10
3769   2018   2456   112   24
9762   2016   1222   88.5   13.5
8091   2019   1052   74.25   24
6916   2017   1052   117.25   18
