8595   265   503   414   391   497   538   255   176   463
6399   391   251   126   265   255   497
4672   414   538   176   497   255   463   503   126
6513   538   414   255   176   126
1953   373   497   126
7618   176   265   251   538   503   126   414   124   497
1211   538   503   126
8483   414   265   373   503   126   463   255
7825   373   538   251   126   176   497   503   414
4995   251   265   373   176   414   503   126
9071   176   124   414   255   391   265   126
6107   255   126   503   176   497   265   124   391
6804   497   265   124
3376   176   497   391   538   373   124
3769   538   414   124   255   463   503   265   497   391   373
9762   497   126   391   538   255
8091   255   538   391   463   124   497
6916   497   124   503   265   538   463   126   373   414
