497   1222   5.25   6804   10.25   9762   6.25    6916   10.5    1953   14.25   3376   17.75   4672   7.75    8595   11.75   6107   7.25    6399   5.75    7825   13     8091   17.25     3769   7.75   7618   17.75
176   1052   2.75   7618   17.75   9071   10.5    3376   15.75   4672   5       6513   13.75   4995   13.25   6107   17      7825   8       8595   8.75
538   1222   5.25   6513   14.25   1211   9.25    3769   6.75    4672   10.5    7825   12      8091   13.5    7618   16.75   3376   15.75   9762   13.25   6916   10.5   8595   16.25
414   2318   2.5    4672   14.25   8483   11      6513   7       3769   15.25   8595   12.75   9071   9       4995   13.5    7618   13.75   7825   16.25   6916   17.75
373   1222   4.25   1953   7.75    7825   12.25   8483   5.5     4995   15.25   3376   13.75   6916   6.5     3769   16.75
124   2456   3.75   9071   8       6916   10.75   6804   17.5    3769   6.5     8091   17.75   3376   16.75   6107   7.75    7618   16
255   2318   5.75   6107   16.25   8091   14.75   6513   7.25    9071   10.5    3769   14.25   6399   15.25   4672   11.25   9762   7.25    8595   14.75   8483   7.25
503   2318   2.25   8595   16      1211   6       6107   14.75   6916   16.25   8483   11.25   7618   9.75    4995   10.75   3769   11      4672   13.5    7825   9.5
391   2456   3.75   6399   16      3376   11.75   9762   8.25    8091   10.5    8595   9.25    9071   5.5     6107   5.5     3769   10.25
126   2456   1.5    6107   16.75   9762   11.25   6399   10.5    1953   6.5     1211   6       7825   12.5    6513   13.5    8483   14.25   7618   11      4995   7.5    9071   9         6916   11.75   4672   7.25
463   2456   2.5    8091   9.5     3769   9.5     4672   15.25   8483   12      6916   11.5    8595   12.75
265   2318   1.25   8595   13.25   7618   5       8483   14.75   4995   15      6804   6.5     6399   12.75   6916   17.5    9071   7       6107   5       3769   5.25
251   1052   1.25   4995   6.25    6399   17.75   7618   9.25    7825   13
