624402     2013     3     20     14
624402     2012     10     22     22
238596     2016     11     21     15
274822     2013     7     19     11
457844     2017     7     18     15
882897     2018     1     19     15
457844     2012     2     20     12
141019     2016     1     18     11
457183     2018     6     20     19
457844     2018     7     20     16
275271     2013     12     21     17
457844     2015     11     18     15
274822     2014     6     21     13
882897     2015     7     19     13
636632     2014     11     19     11
636632     2018     8     19     17
457844     2013     3     22     18
636632     2016     11     19     11
457844     2014     7     18     15
530853     2018     7     19     16
530853     2018     10     22     19
892298     2014     4     18     10
882897     2017     3     19     18
882897     2017     1     18     16
141019     2015     12     21     16
457844     2018     2     18     12
274822     2013     4     17     11
892298     2014     7     20     16
882897     2017     6     20     17
624402     2013     8     18     18
882897     2012     4     17     10
882897     2017     5     18     15
141019     2016     10     21     13
882897     2013     2     20     17
274822     2012     9     22     15
275271     2012     10     21     13
636632     2016     9     19     14
892298     2012     10     22     21
636632     2014     3     21     17
892298     2013     7     20     16
457844     2015     3     22     20
457183     2017     11     18     11
275271     2012     2     19     16
530853     2017     4     17     17
624402     2012     12     18     11
557549     2013     5     17     12
275271     2012     7     20     18
274822     2014     3     20     12
274822     2014     4     16     16
275271     2015     2     19     16
457844     2015     1     19     14
557549     2014     3     21     17
636632     2015     4     17     15
557549     2014     7     19     15
636632     2018     12     18     10
636632     2013     10     21     20
636632     2017     6     19     15
636632     2018     6     19     15
557549     2015     2     18     12
882897     2014     7     18     11
457844     2012     10     19     18
457844     2018     4     18     11
892298     2013     6     21     18
457844     2018     3     22     21
457844     2014     1     18     18
636632     2018     2     20     17
636632     2014     7     17     17
457844     2017     6     18     11
636632     2018     5     19     16
882897     2013     6     18     14
892298     2013     8     18     13
882897     2015     10     20     13
457844     2016     8     19     12
636632     2014     9     19     14
238596     2017     10     21     19
892298     2013     11     18     18
457183     2017     7     18     17
238596     2018     7     18     14
141019     2016     6     21     18
238596     2017     11     19     13
457183     2018     3     20     17
892298     2013     1     20     13
882897     2015     11     18     17
882897     2014     8     18     10
636632     2017     11     19     11
275271     2012     1     18     13
275271     2012     11     18     16
636632     2012     10     21     20
457844     2015     12     20     18
530853     2017     7     19     16
557549     2013     10     19     16
275271     2014     7     20     18
892298     2012     12     18     17
141019     2016     9     22     18
275271     2013     11     18     16
882897     2012     1     19     16
530853     2017     11     18     15
882897     2012     6     19     13
892298     2014     10     22     21
274822     2013     8     21     14
457844     2017     4     19     14
557549     2014     4     16     16
636632     2017     12     18     10
636632     2014     12     18     10
882897     2017     8     21     17
636632     2014     8     19     17
636632     2018     4     17     15
624402     2013     2     19     17
882897     2014     11     18     17
636632     2015     3     21     17
624402     2013     7     18     17
636632     2017     8     19     17
530853     2018     6     21     18
892298     2013     5     19     17
275271     2013     10     21     13
457844     2015     9     20     19
238596     2017     3     19     16
238596     2018     9     22     19
141019     2016     3     22     16
892298     2013     10     22     21
274822     2013     1     20     12
882897     2016     2     19     16
457844     2016     6     19     13
457844     2018     12     20     18
882897     2015     1     18     13
457844     2014     3     22     20
457183     2018     4     18     18
457844     2012     9     19     13
457844     2017     10     20     18
275271     2015     10     21     13
636632     2015     9     19     14
275271     2012     4     16     11
457183     2018     10     19     12
882897     2016     6     20     16
530853     2017     9     22     17
882897     2013     8     21     15
882897     2013     1     18     18
636632     2013     2     20     17
892298     2012     5     19     17
457183     2018     12     18     18
882897     2017     12     20     19
238596     2018     10     19     18
892298     2013     12     18     17
457844     2016     3     19     12
882897     2017     2     18     12
457844     2016     5     20     12
457183     2018     8     18     10
882897     2018     8     20     17
882897     2017     4     17     13
141019     2016     7     19     12
530853     2017     6     21     18
882897     2017     11     21     13
636632     2016     5     19     16
457844     2015     5     17     9
275271     2014     9     19     18
624402     2013     5     19     11
624402     2012     1     19     18
275271     2013     2     19     16
892298     2014     8     18     13
457183     2018     7     18     17
636632     2018     11     19     11
530853     2017     1     20     14
457844     2016     11     19     17
636632     2013     6     19     15
636632     2015     2     20     17
457183     2017     12     18     18
457844     2016     2     20     12
557549     2013     9     21     20
274822     2013     6     20     12
636632     2016     4     17     15
882897     2014     5     20     13
624402     2012     9     22     15
275271     2015     9     19     18
624402     2013     1     19     18
274822     2012     3     19     11
882897     2015     8     21     15
892298     2013     4     18     10
238596     2017     2     17     10
636632     2013     9     19     14
882897     2014     9     22     18
636632     2017     10     21     20
238596     2017     6     21     15
636632     2014     6     19     15
882897     2015     4     19     17
530853     2018     12     19     15
882897     2013     3     20     18
275271     2014     6     20     12
275271     2015     3     20     16
274822     2014     5     20     17
274822     2013     12     21     15
238596     2016     12     19     14
892298     2014     6     21     18
557549     2015     3     19     11
457844     2014     2     17     11
882897     2016     1     21     21
892298     2012     11     18     18
636632     2014     5     19     16
141019     2016     8     20     15
530853     2018     2     18     10
636632     2015     8     19     17
275271     2014     4     16     11
530853     2018     4     17     17
624402     2013     6     19     12
636632     2016     7     17     17
457844     2018     6     19     19
882897     2014     2     20     14
275271     2015     1     18     13
882897     2013     12     20     15
457183     2018     9     20     15
636632     2013     1     21     21
457844     2013     11     18     18
636632     2012     11     19     11
274822     2014     2     19     15
557549     2015     5     20     12
275271     2014     1     18     13
530853     2017     8     20     14
457844     2018     11     21     18
636632     2018     1     21     21
530853     2018     3     19     15
636632     2016     1     21     21
882897     2012     10     20     14
275271     2015     6     20     12
882897     2017     9     21     15
274822     2014     1     21     17
530853     2018     11     18     15
274822     2013     10     20     15
882897     2017     10     19     12
457844     2013     12     21     15
636632     2017     3     21     17
892298     2014     1     20     13
457844     2017     11     20     16
882897     2013     11     21     14
457844     2017     3     19     15
238596     2018     6     21     17
275271     2013     1     18     13
457844     2013     8     20     20
892298     2014     2     19     17
457844     2013     4     19     13
636632     2016     2     20     17
882897     2012     5     20     13
275271     2012     3     20     16
882897     2015     12     18     17
882897     2016     7     18     10
457844     2017     2     18     18
557549     2015     4     17     16
238596     2018     3     20     15
275271     2013     9     19     18
882897     2018     10     22     16
457183     2017     9     20     15
636632     2015     6     19     15
882897     2018     5     17     10
636632     2018     9     19     14
275271     2012     5     20     18
636632     2013     3     21     17
624402     2013     9     22     15
624402     2012     2     19     17
557549     2013     11     18     12
882897     2013     9     21     19
530853     2017     3     19     15
882897     2018     11     19     14
274822     2013     5     20     20
636632     2016     8     19     17
141019     2016     5     18     12
557549     2014     10     22     20
141019     2017     1     18     11
624402     2012     4     19     19
882897     2016     4     18     11
636632     2014     1     21     21
457844     2017     5     19     19
882897     2015     9     20     15
457844     2014     12     20     19
457844     2012     3     21     19
457183     2018     11     18     11
238596     2016     10     22     16
238596     2018     1     18     16
636632     2016     10     21     20
882897     2012     11     20     17
882897     2013     10     20     12
530853     2017     12     19     15
457844     2017     8     19     14
882897     2018     7     19     16
557549     2013     8     21     15
636632     2018     3     21     17
636632     2016     3     21     17
636632     2013     11     19     11
624402     2012     3     20     14
141019     2016     2     17     10
557549     2014     1     18     14
636632     2013     4     17     15
882897     2012     3     20     15
882897     2014     10     21     15
530853     2018     5     18     14
530853     2017     2     18     10
624402     2012     5     19     11
457844     2014     11     21     18
457844     2013     7     19     12
238596     2017     8     18     10
457844     2012     7     18     17
141019     2017     4     16     9
636632     2017     4     17     15
636632     2017     2     20     17
457183     2017     10     19     12
274822     2012     4     17     16
275271     2015     5     20     18
275271     2013     3     20     16
238596     2018     4     19     18
457844     2012     11     20     16
624402     2012     7     18     17
275271     2014     8     18     14
882897     2018     12     19     11
457844     2013     10     21     15
636632     2018     7     17     17
457844     2018     1     18     16
238596     2017     5     19     19
238596     2017     9     22     19
636632     2016     6     19     15
457844     2013     9     22     16
557549     2013     6     21     19
274822     2013     11     19     14
457844     2014     10     21     19
624402     2012     6     19     12
457183     2018     5     17     9
457844     2014     9     22     15
892298     2014     3     21     13
892298     2012     9     19     19
275271     2014     10     21     13
457844     2016     7     18     11
892298     2013     2     19     17
457844     2015     10     20     14
141019     2016     4     16     9
457844     2018     8     20     14
275271     2015     11     18     16
882897     2014     12     18     15
882897     2018     4     18     12
892298     2014     5     19     17
636632     2015     7     17     17
882897     2015     3     22     17
636632     2013     8     19     17
882897     2013     5     20     13
636632     2015     11     19     11
882897     2016     12     20     20
882897     2017     7     17     13
457844     2015     8     21     13
636632     2015     1     21     21
457844     2012     1     21     17
624402     2012     11     18     12
557549     2015     7     18     10
275271     2014     5     20     18
274822     2013     9     21     17
882897     2015     5     19     15
457844     2013     6     19     14
457844     2014     5     20     13
557549     2015     6     20     15
274822     2012     7     18     10
636632     2017     1     21     21
892298     2012     8     18     13
557549     2013     4     18     13
238596     2017     1     18     13
882897     2016     8     20     18
275271     2012     12     21     17
238596     2017     7     20     16
882897     2018     3     21     13
457844     2013     1     21     17
882897     2016     5     19     18
557549     2014     9     21     17
882897     2018     9     22     17
274822     2012     6     20     15
882897     2016     9     19     17
457844     2016     10     20     15
238596     2017     4     18     11
882897     2016     3     19     12
457844     2015     6     21     20
892298     2014     9     19     19
457844     2018     9     19     19
892298     2012     7     20     16
238596     2016     9     19     19
882897     2013     7     20     16
557549     2014     12     18     15
457844     2013     5     20     16
530853     2017     10     22     19
624402     2012     8     18     18
141019     2016     12     21     16
275271     2012     6     20     12
892298     2013     9     19     19
457844     2016     1     18     10
275271     2014     2     19     16
557549     2015     8     19     18
636632     2015     5     19     16
636632     2015     12     18     10
636632     2014     2     20     17
274822     2013     3     19     12
636632     2013     5     19     16
457844     2015     2     18     12
141019     2017     2     17     10
457844     2012     8     20     18
636632     2016     12     18     10
636632     2014     10     21     20
882897     2016     10     20     20
275271     2014     3     20     16
557549     2014     6     18     13
557549     2014     8     20     16
530853     2018     8     20     14
274822     2012     10     19     18
882897     2012     8     21     21
457183     2018     2     17     9
457183     2018     1     21     20
238596     2018     2     20     12
530853     2018     9     22     17
141019     2016     11     20     13
557549     2014     5     19     15
636632     2017     5     19     16
892298     2012     6     21     18
882897     2012     2     20     19
457844     2017     12     18     11
636632     2013     12     18     10
624402     2013     4     19     19
636632     2015     10     21     20
882897     2014     6     21     17
274822     2012     12     18     16
275271     2012     8     18     14
636632     2013     7     17     17
636632     2017     9     19     14
457844     2018     10     21     19
275271     2014     11     18     16
882897     2018     2     20     20
274822     2012     8     19     18
238596     2018     5     17     17
557549     2015     1     18     17
238596     2017     12     18     13
457844     2012     4     18     11
141019     2017     3     22     16
457844     2016     9     21     19
636632     2014     4     17     15
274822     2013     2     19     19
882897     2014     3     20     14
882897     2012     9     19     13
557549     2014     11     19     13
557549     2014     2     18     13
274822     2012     5     20     12
882897     2012     12     18     15
882897     2013     4     17     9
530853     2017     5     18     14
636632     2017     7     17     17
275271     2012     9     19     18
457183     2017     8     18     10
457844     2014     8     18     16
457844     2012     5     19     19
275271     2015     4     16     11
238596     2018     11     19     17
457844     2014     6     19     19
457844     2013     2     18     12
457844     2016     12     19     18
882897     2018     6     21     14
530853     2018     1     20     14
882897     2015     2     19     16
636632     2018     10     21     20
457844     2015     4     18     11
882897     2016     11     19     19
274822     2012     11     18     13
457844     2014     4     18     17
882897     2015     6     19     19
636632     2012     12     18     10
457844     2015     7     18     15
882897     2014     4     18     17
238596     2018     8     18     15
457844     2017     9     20     20
882897     2012     7     20     14
457844     2012     12     20     19
557549     2013     7     17     16
457844     2012     6     19     15
275271     2014     12     21     17
238596     2018     12     18     18
457844     2017     1     20     15
275271     2015     7     20     18
892298     2013     3     21     13
457844     2016     4     18     18
557549     2013     12     19     13
275271     2015     8     18     14
882897     2014     1     21     21
457844     2018     5     19     12
