9827   20080708   8
3492   20030695   12   20013723   16   20027352   6   20078092   10   19980622   9
5712   20010141   13   20020158   10
8775   19990844   12   20019778   19   19980622   5   19980667   6   20060735   11   20010141   11   20060119   13   20078092   9
8349   20067828   7   20020158   7   20050743   5   19993541   6
7346   20060735   18   19993541   7   20050743   14
7064   20019778   13   20015236   11   20110813   9
3155   19993541   20   20050391   16   20060658   5
3948   20030695   12   19990036   17   20052529   14   20043300   14   20097877   9
9158   20020441   14   19993541   7   20080708   16   20050391   18
2859   20060119   20   19980667   17   19990844   12   20050743   5   20060051   16
8415   19980315   15   20027352   7   20020158   19
3590   20030695   12   20109738   7   19990844   6   20013723   12
8664   20060735   13   20046665   11   20003172   13
3607   20100201   8   20046665   8   20080708   19   20060119   8   20060735   17   20015236   5
8826   20050743   17   20015236   5   20043300   12
8420   20013723   17
4278   20015236   5   19980622   14   20060119   19
3278   19980315   11   19980667   14   20110813   5
9844   20020158   8   20019778   15   20080708   8   19993541   18   20046665   15
3171   20060119   7   20067828   20   19980667   5
4513   20052529   17   20050391   13   20020441   11
1510   20050743   10   20027352   15   19980667   11
8318   20060119   8   19980667   16   20020441   15   20080708   5   19998980   5
3580   20020441   17   20110813   6   20067828   16   20027352   20
9648   20013723   17   20020158   11   20010141   20
4881   20070596   19   20046665   5
9873   20070461   10   20050743   19   19990844   5
4850   19980622   7   19990844   11   20043300   10   19993541   12   20010141   9
8898   20050743   18   20015236   11   20060119   5   20097877   11   20046665   15
7785   19990844   5
6774   20060051   17   20060658   9   20060735   20   20027352   12
1123   20030695   17   20067828   5   20060735   19   19990844   20   20097877   7
1755   20030695   15
9860   20109738   19   20050391   18   20080708   20   20020158   15
1730   20020441   9   20052529   10   20019778   7   20010141   17   19980622   10
4159   20020158   16
3879   20015236   8
3055   20010141   8   19980667   5   19990844   11
