20211013     066025       829251     71984468
20211012     040078       383622     57263719
20211014     024868       375611     71984468
20211018     079460       942192     33397650
20211018     006660       326921     48184351
20211012     005983       182169     57263719
20211014     061431       227389     32821689
20211016     040871       463635     57690875
20211013     040351       956965     71378466
20211016     027769       352235     94326707
20211015     077726       216842     57263719
20211012     055487       948358     17913944
20211015     010718       852519     73786035
20211014     047748       159753     32821689
20211018     000132       763303     48184351
20211017     063236       515928     57263719
20211016     014641       950760     76388967
20211016     015039       738362     33713901
20211015     015453       951233     20864087
20211015     064235       297851     94326707
20211017     045633       671627     67418025
20211016     036913       410007     57263719
20211013     014661       398133     35584593
20211014     047519       908402     45783712
20211015     037886       419947     81114108
20211018     005711       290995     20864087
20211015     066195       577674     71378466
20211014     081896       301503     32821689
20211017     064100       283711     20864087
20211014     018364       850569     67418025
20211014     065222       810352     45783712
20211016     009221       693994     71984468
20211017     065110       438826     33713901
20211014     064687       364355     77642521
20211012     026260       691885     67418025
20211017     066362       355922     35584593
